  0.0000E+00 -1.1810E-02  0.0000E+00 -3.1063E+07 -2.5000E-06  0.0000E+00  0.0000E+00  T
  0.0000E+00 -1.1764E-02  0.0000E+00 -3.1080E+07  0.0000E+00  0.0000E+00  0.0000E+00  T
  0.0000E+00 -1.1718E-02  0.0000E+00 -3.1098E+07  0.0000E+00  0.0000E+00  0.0000E+00  T
  0.0000E+00 -1.1672E-02  0.0000E+00 -3.1116E+07  0.0000E+00  0.0000E+00  0.0000E+00  T
  0.0000E+00 -1.1625E-02  0.0000E+00 -3.1133E+07  0.0000E+00  0.0000E+00  0.0000E+00  T
  0.0000E+00 -1.1579E-02  0.0000E+00 -3.1151E+07  0.0000E+00  0.0000E+00  0.0000E+00  T
  0.0000E+00 -1.1533E-02  0.0000E+00 -3.1169E+07  0.0000E+00  0.0000E+00  0.0000E+00  T
  0.0000E+00 -1.1487E-02  0.0000E+00 -3.1186E+07  0.0000E+00  0.0000E+00  0.0000E+00  T
  0.0000E+00 -1.1441E-02  0.0000E+00 -3.1204E+07  0.0000E+00  0.0000E+00  0.0000E+00  T
  0.0000E+00 -1.1395E-02  0.0000E+00 -3.1222E+07  0.0000E+00  0.0000E+00  0.0000E+00  T
  0.0000E+00 -1.1349E-02  0.0000E+00 -3.1239E+07  0.0000E+00  0.0000E+00  0.0000E+00  T
  0.0000E+00 -1.1303E-02  0.0000E+00 -3.1257E+07  0.0000E+00  0.0000E+00  0.0000E+00  T
  0.0000E+00 -1.1257E-02  0.0000E+00 -3.1275E+07  0.0000E+00  0.0000E+00  0.0000E+00  T
  0.0000E+00 -1.1211E-02  0.0000E+00 -3.1292E+07  0.0000E+00  0.0000E+00  0.0000E+00  T
  0.0000E+00 -1.1164E-02  0.0000E+00 -3.1310E+07 -2.5000E-06  0.0000E+00  0.0000E+00  T
  0.0000E+00 -1.1118E-02  0.0000E+00 -3.1328E+07  0.0000E+00  0.0000E+00  0.0000E+00  T
  0.0000E+00 -1.1072E-02  0.0000E+00 -3.1345E+07  0.0000E+00  0.0000E+00  0.0000E+00  T
  0.0000E+00 -1.1026E-02  0.0000E+00 -3.1363E+07  0.0000E+00  0.0000E+00  0.0000E+00  T
  0.0000E+00 -1.0980E-02  0.0000E+00 -3.1380E+07 -2.5000E-06  0.0000E+00  0.0000E+00  T
  0.0000E+00 -1.0934E-02  0.0000E+00 -3.1398E+07  0.0000E+00  0.0000E+00  0.0000E+00  T
  0.0000E+00 -1.0888E-02  0.0000E+00 -3.1416E+07  0.0000E+00  0.0000E+00  0.0000E+00  T
  0.0000E+00 -1.0842E-02  0.0000E+00 -3.1433E+07  0.0000E+00  0.0000E+00  0.0000E+00  T
  0.0000E+00 -1.0796E-02  0.0000E+00 -3.1451E+07  0.0000E+00  0.0000E+00  0.0000E+00  T
  0.0000E+00 -1.0750E-02  0.0000E+00 -3.1468E+07 -2.5000E-06  0.0000E+00  0.0000E+00  T
  0.0000E+00 -1.0703E-02  0.0000E+00 -3.1486E+07  0.0000E+00  0.0000E+00  0.0000E+00  T
  0.0000E+00 -1.0657E-02  0.0000E+00 -3.1504E+07 -2.5000E-06  0.0000E+00  0.0000E+00  T
  1.1975E-06 -1.0611E-02  0.0000E+00 -3.1521E+07 -1.2500E-05 -1.1975E-06  3.1534E-06  T
  1.3323E-06 -1.0565E-02  0.0000E+00 -3.1539E+07 -1.2500E-05 -1.3323E-06  3.3441E-06  T
  1.4790E-06 -1.0519E-02  0.0000E+00 -3.1556E+07 -1.2500E-05 -1.4790E-06  3.5347E-06  T
  1.6374E-06 -1.0473E-02  0.0000E+00 -3.1574E+07 -1.5000E-05 -1.6374E-06  3.7254E-06  T
  1.5074E-06 -1.0427E-02  3.5456E+01 -3.1591E+07 -1.5000E-05 -1.5074E-06  4.2162E-06  T
  1.6629E-06 -1.0381E-02  4.5312E+01 -3.1609E+07 -1.7500E-05 -1.6629E-06  4.4334E-06  T
  1.5732E-06 -1.0335E-02  2.5891E+01 -3.1626E+07 -1.7500E-05 -1.5732E-06  4.9075E-06  T
  1.7330E-06 -1.0289E-02  3.2272E+01 -3.1644E+07 -2.0000E-05 -1.7330E-06  5.1440E-06  T
  1.6669E-06 -1.0242E-02  2.0272E+01 -3.1662E+07 -2.2500E-05 -1.6669E-06  5.6182E-06  T
  1.6266E-06 -1.0196E-02  1.9887E+01 -3.1679E+07 -2.2500E-05 -1.6266E-06  6.0783E-06  T
  1.7850E-06 -1.0150E-02  2.4207E+01 -3.1697E+07 -2.5000E-05 -1.7850E-06  6.3516E-06  T
  1.7597E-06 -1.0104E-02  1.9734E+01 -3.1714E+07 -2.5000E-05 -1.7597E-06  6.8204E-06  T
  1.9244E-06 -1.0058E-02  2.1590E+01 -3.1732E+07 -2.5000E-05 -1.9244E-06  7.1110E-06  T
  2.1010E-06 -1.0012E-02  2.7240E+01 -3.1749E+07 -2.7500E-05 -2.1010E-06  7.4017E-06  T
  2.0820E-06 -9.9658E-03  3.3952E+01 -3.1767E+07 -3.0000E-05 -2.0820E-06  7.8996E-06  T
  2.0784E-06 -9.9197E-03  3.5513E+01 -3.1784E+07 -3.2500E-05 -2.0784E-06  8.3941E-06  T
  2.0866E-06 -9.8736E-03  4.5086E+01 -3.1802E+07 -3.5000E-05 -2.0866E-06  8.8887E-06  T
  2.1054E-06 -9.8275E-03  4.5077E+01 -3.1819E+07 -3.7500E-05 -2.1054E-06  9.3845E-06  T
  2.1327E-06 -9.7814E-03  4.7289E+01 -3.1837E+07 -3.7500E-05 -2.1327E-06  9.8836E-06  T
  2.3125E-06 -9.7353E-03  5.5304E+01 -3.1854E+07 -4.0000E-05 -2.3125E-06  1.0242E-05  T
  2.3480E-06 -9.6892E-03  7.3521E+01 -3.1872E+07 -4.2500E-05 -2.3480E-06  1.0757E-05  T
  2.3913E-06 -9.6431E-03  9.7112E+01 -3.1889E+07 -4.7500E-05 -2.3913E-06  1.1276E-05  T
  2.3134E-06 -9.5970E-03  1.1795E+02 -3.1907E+07 -5.0000E-05 -2.3134E-06  1.1928E-05  T
  2.3751E-06 -9.5509E-03  1.3865E+02 -3.1924E+07 -5.0000E-05 -2.3751E-06  1.2452E-05  T
  2.5644E-06 -9.5048E-03  1.6432E+02 -3.1942E+07 -5.5000E-05 -2.5644E-06  1.2860E-05  T
  2.5157E-06 -9.4587E-03  1.5145E+02 -3.1959E+07 -6.0000E-05 -2.5157E-06  1.3519E-05  T
  2.4869E-06 -9.4126E-03  1.6088E+02 -3.1977E+07 -6.2500E-05 -2.4869E-06  1.4169E-05  T
  2.5730E-06 -9.3665E-03  1.6712E+02 -3.1994E+07 -6.7500E-05 -2.5730E-06  1.4716E-05  T
  2.5658E-06 -9.3204E-03  1.5886E+02 -3.2011E+07 -7.2500E-05 -2.5658E-06  1.5369E-05  T
  2.5714E-06 -9.2743E-03  1.3658E+02 -3.2029E+07 -7.5000E-05 -2.5714E-06  1.6021E-05  T
  2.6747E-06 -9.2282E-03  1.5513E+02 -3.2046E+07 -8.0000E-05 -2.6747E-06  1.6586E-05  T
  2.6969E-06 -9.1821E-03  1.5465E+02 -3.2064E+07 -8.5000E-05 -2.6969E-06  1.7245E-05  T
  2.7290E-06 -9.1360E-03  1.6790E+02 -3.2081E+07 -9.0000E-05 -2.7290E-06  1.7907E-05  T
  2.7696E-06 -9.0899E-03  1.8436E+02 -3.2099E+07 -9.7500E-05 -2.7696E-06  1.8571E-05  T
  2.7457E-06 -9.0438E-03  2.1123E+02 -3.2116E+07 -1.0000E-04 -2.7457E-06  1.9312E-05  T
  2.8740E-06 -8.9977E-03  2.7050E+02 -3.2133E+07 -1.1000E-04 -2.8740E-06  1.9912E-05  T
  2.8035E-06 -8.9516E-03  2.7654E+02 -3.2151E+07 -1.1500E-04 -2.8035E-06  2.0724E-05  T
  2.8762E-06 -8.9055E-03  3.1928E+02 -3.2168E+07 -1.2250E-04 -2.8762E-06  2.1404E-05  T
  2.8947E-06 -8.8594E-03  3.6429E+02 -3.2186E+07 -1.3250E-04 -2.8947E-06  2.2150E-05  T
  2.8683E-06 -8.8133E-03  4.8289E+02 -3.2203E+07 -1.4000E-04 -2.8683E-06  2.2954E-05  T
  2.9085E-06 -8.7672E-03  5.0985E+02 -3.2221E+07 -1.5000E-04 -2.9085E-06  2.3702E-05  T
  2.9075E-06 -8.7211E-03  7.4884E+02 -3.2238E+07 -1.5750E-04 -2.9075E-06  2.4504E-05  T
  2.9648E-06 -8.6750E-03  8.0170E+02 -3.2255E+07 -1.6500E-04 -2.9648E-06  2.5259E-05  T
  3.0289E-06 -8.6289E-03  1.0679E+06 -3.2273E+07 -1.7750E-04 -3.0289E-06  2.6020E-05  T
  3.0126E-06 -8.5828E-03  1.4862E+03 -3.2290E+07 -1.8750E-04 -3.0126E-06  2.6873E-05  T
  3.0505E-06 -8.5367E-03  1.0841E+03 -3.2307E+07 -1.9750E-04 -3.0505E-06  2.7684E-05  T
  3.0967E-06 -8.4906E-03  1.9131E+03 -3.2325E+07 -2.1000E-04 -3.0967E-06  2.8498E-05  T
  3.1134E-06 -8.4445E-03  2.6015E+03 -3.2342E+07 -2.2250E-04 -3.1134E-06  2.9355E-05  T
  3.1403E-06 -8.3984E-03  2.7410E+03 -3.2360E+07 -2.3500E-04 -3.1403E-06  3.0212E-05  T
  3.1762E-06 -8.3522E-03  2.0451E+03 -3.2377E+07 -2.5250E-04 -3.1762E-06  3.1073E-05  T
  3.1571E-06 -8.3061E-03  2.1855E+03 -3.2394E+07 -2.6500E-04 -3.1571E-06  3.2001E-05  T
  3.2118E-06 -8.2600E-03  4.8616E+03 -3.2412E+07 -2.8000E-04 -3.2118E-06  3.2867E-05  T
  3.2447E-06 -8.2139E-03  3.5192E+02 -3.2429E+07 -2.9750E-04 -3.2447E-06  3.3767E-05  T
  3.2588E-06 -8.1678E-03  6.0242E+03 -3.2446E+07 -3.1500E-04 -3.2588E-06  3.4698E-05  T
  3.2836E-06 -8.1217E-03  3.8474E+03 -3.2464E+07 -3.3000E-04 -3.2836E-06  3.5630E-05  T
  3.3429E-06 -8.0756E-03  7.7526E+03 -3.2481E+07 -3.5000E-04 -3.3429E-06  3.6540E-05  T
  3.3607E-06 -8.0295E-03  4.6540E+03 -3.2498E+07 -3.7000E-04 -3.3607E-06  3.7503E-05  T
  3.3889E-06 -7.9834E-03  5.2290E+03 -3.2516E+07 -3.9250E-04 -3.3889E-06  3.8468E-05  T
  3.4046E-06 -7.9373E-03  5.4873E+03 -3.2533E+07 -4.1500E-04 -3.4046E-06  3.9457E-05  T
  3.4308E-06 -7.8912E-03  6.3201E+03 -3.2550E+07 -4.3750E-04 -3.4308E-06  4.0448E-05  T
  3.4664E-06 -7.8451E-03 -3.0597E+04 -3.2567E+07 -4.6000E-04 -3.4664E-06  4.1442E-05  T
  3.5108E-06 -7.7990E-03 -2.9736E+04 -3.2585E+07 -4.8750E-04 -3.5108E-06  4.2439E-05  T
  3.5269E-06 -7.7529E-03 -2.8284E+04 -3.2602E+07 -5.1500E-04 -3.5269E-06  4.3476E-05  T
  3.5535E-06 -7.7068E-03 -2.7968E+04 -3.2619E+07 -5.4500E-04 -3.5535E-06  4.4515E-05  T
  3.5732E-06 -7.6607E-03 -2.7503E+04 -3.2637E+07 -5.7250E-04 -3.5732E-06  4.5573E-05  T
  3.6187E-06 -7.6146E-03 -2.6848E+04 -3.2654E+07 -6.0250E-04 -3.6187E-06  4.6617E-05  T
  3.6572E-06 -7.5685E-03 -2.5026E+04 -3.2671E+07 -6.3500E-04 -3.6572E-06  4.7680E-05  T
  3.6896E-06 -7.5224E-03  1.1141E+06 -3.2689E+07 -6.7000E-04 -3.6896E-06  4.8762E-05  T
  3.7173E-06 -7.4763E-03 -9.7660E+03 -3.2706E+07 -7.0750E-04 -3.7173E-06  4.9860E-05  T
  3.7412E-06 -7.4302E-03 -7.6103E+03 -3.2723E+07 -7.4250E-04 -3.7412E-06  5.0974E-05  T
  3.7877E-06 -7.3841E-03 -1.0398E+04 -3.2740E+07 -7.8250E-04 -3.7877E-06  5.2078E-05  T
  3.8179E-06 -7.3380E-03 -9.2040E+03 -3.2758E+07 -8.2750E-04 -3.8179E-06  5.3210E-05  T
  3.8341E-06 -7.2919E-03  1.0980E+04 -3.2775E+07 -8.6750E-04 -3.8341E-06  5.4368E-05  T
  3.8831E-06 -7.2458E-03  1.2394E+04 -3.2792E+07 -9.1500E-04 -3.8831E-06  5.5505E-05  T
  3.9079E-06 -7.1997E-03  1.5104E+04 -3.2809E+07 -9.6000E-04 -3.9079E-06  5.6679E-05  T
  3.9527E-06 -7.1536E-03  3.1841E+04 -3.2827E+07 -1.0100E-03 -3.9527E-06  5.7845E-05  T
  3.9861E-06 -7.1075E-03  3.3586E+04 -3.2844E+07 -1.0650E-03 -3.9861E-06  5.9034E-05  T
  4.0097E-06 -7.0614E-03  3.5942E+04 -3.2861E+07 -1.1175E-03 -4.0097E-06  6.0246E-05  T
  4.0523E-06 -7.0153E-03  5.1220E+04 -3.2878E+07 -1.1750E-03 -4.0523E-06  6.1450E-05  T
  4.0859E-06 -6.9692E-03  5.4106E+04 -3.2895E+07 -1.2325E-03 -4.0859E-06  6.2676E-05  T
  4.1288E-06 -6.9231E-03  6.8793E+04 -3.2913E+07 -1.2975E-03 -4.1288E-06  6.3904E-05  T
  4.1560E-06 -6.8770E-03  7.1806E+04 -3.2930E+07 -1.3600E-03 -4.1560E-06  6.5160E-05  T
  4.2006E-06 -6.8309E-03  7.5113E+04 -3.2947E+07 -1.4300E-03 -4.2006E-06  6.6411E-05  T
  4.2314E-06 -6.7848E-03  8.9226E+04 -3.2964E+07 -1.5025E-03 -4.2314E-06  6.7688E-05  T
  4.2646E-06 -6.7387E-03  8.9834E+04 -3.2981E+07 -1.5775E-03 -4.2646E-06  6.8975E-05  T
  4.3002E-06 -6.6926E-03  1.0412E+05 -3.2999E+07 -1.6525E-03 -4.3002E-06  7.0271E-05  T
  4.3450E-06 -6.6465E-03  1.2264E+06 -3.3016E+07 -1.7350E-03 -4.3450E-06  7.1571E-05  T
  4.3791E-06 -6.6004E-03  1.2259E+06 -3.3033E+07 -1.8175E-03 -4.3791E-06  7.2893E-05  T
  4.4226E-06 -6.5543E-03  8.4604E+04 -3.3050E+07 -1.9050E-03 -4.4226E-06  7.4218E-05  T
  4.4628E-06 -6.5082E-03  1.2290E+06 -3.3067E+07 -1.9950E-03 -4.4628E-06  7.5559E-05  T
  4.5062E-06 -6.4621E-03  9.4450E+04 -3.3084E+07 -2.0900E-03 -4.5062E-06  7.6908E-05  T
  4.5474E-06 -6.4160E-03  1.2431E+06 -3.3102E+07 -2.1925E-03 -4.5474E-06  7.8272E-05  T
  4.5816E-06 -6.3699E-03  1.2444E+06 -3.3119E+07 -2.2925E-03 -4.5816E-06  7.9655E-05  T
  4.6301E-06 -6.3238E-03  1.2412E+06 -3.3136E+07 -2.4000E-03 -4.6301E-06  8.1036E-05  T
  4.6724E-06 -6.2777E-03  1.2467E+06 -3.3153E+07 -2.5125E-03 -4.6724E-06  8.2436E-05  T
  4.7140E-06 -6.2316E-03  1.1510E+06 -3.3170E+07 -2.6300E-03 -4.7140E-06  8.3848E-05  T
  4.7553E-06 -6.1855E-03  1.1531E+06 -3.3187E+07 -2.7475E-03 -4.7553E-06  8.5273E-05  T
  4.8055E-06 -6.1394E-03  1.1532E+06 -3.3205E+07 -2.8775E-03 -4.8055E-06  8.6701E-05  T
  4.8428E-06 -6.0933E-03  1.1483E+06 -3.3222E+07 -3.0050E-03 -4.8428E-06  8.8154E-05  T
  4.8934E-06 -6.0471E-03  1.1508E+06 -3.3239E+07 -3.1425E-03 -4.8934E-06  8.9606E-05  T
  4.9365E-06 -6.0010E-03  1.0491E+06 -3.3256E+07 -3.2825E-03 -4.9365E-06  9.1077E-05  T
  4.9845E-06 -5.9549E-03  1.0462E+06 -3.3273E+07 -3.4300E-03 -4.9845E-06  9.2556E-05  T
  5.0300E-06 -5.9088E-03  1.0464E+06 -3.3290E+07 -3.5850E-03 -5.0300E-06  9.4050E-05  T
  5.0736E-06 -5.8627E-03  1.0431E+06 -3.3307E+07 -3.7400E-03 -5.0736E-06  9.5558E-05  T
  5.1259E-06 -5.8166E-03  9.4549E+05 -3.3324E+07 -3.9075E-03 -5.1259E-06  9.7069E-05  T
  5.1698E-06 -5.7705E-03  9.4008E+05 -3.3341E+07 -4.0750E-03 -5.1698E-06  9.8601E-05  T
  5.2226E-06 -5.7244E-03  9.4063E+05 -3.3358E+07 -4.2550E-03 -5.2226E-06  1.0014E-04  T
  5.2681E-06 -5.6783E-03  9.4062E+05 -3.3376E+07 -4.4350E-03 -5.2681E-06  1.0169E-04  T
  5.3223E-06 -5.6322E-03  8.4955E+05 -3.3393E+07 -4.6275E-03 -5.3223E-06  1.0325E-04  T
  5.3701E-06 -5.5861E-03  8.4587E+05 -3.3410E+07 -4.8250E-03 -5.3701E-06  1.0483E-04  T
  5.4209E-06 -5.5400E-03  8.4642E+05 -3.3427E+07 -5.0300E-03 -5.4209E-06  1.0641E-04  T
  5.4719E-06 -5.4939E-03  7.3840E+05 -3.3444E+07 -5.2375E-03 -5.4719E-06  1.0801E-04  T
  5.5287E-06 -5.4478E-03  7.3407E+05 -3.3461E+07 -5.4550E-03 -5.5287E-06  1.0962E-04  T
  5.5833E-06 -5.4017E-03  7.3555E+05 -3.3478E+07 -5.6825E-03 -5.5833E-06  1.1123E-04  T
  5.6362E-06 -5.3556E-03  7.3281E+05 -3.3495E+07 -5.9175E-03 -5.6362E-06  1.1287E-04  T
  5.6902E-06 -5.3095E-03  6.6295E+05 -3.3512E+07 -6.1575E-03 -5.6902E-06  1.1451E-04  T
  5.7478E-06 -5.2634E-03  6.4252E+05 -3.3529E+07 -6.4075E-03 -5.7478E-06  1.1616E-04  T
  5.8044E-06 -5.2173E-03  6.4557E+05 -3.3546E+07 -6.6725E-03 -5.8044E-06  1.1783E-04  T
  5.8560E-06 -5.1712E-03  5.5972E+05 -3.3563E+07 -6.9375E-03 -5.8560E-06  1.1951E-04  T
  5.9161E-06 -5.1251E-03  5.6431E+05 -3.3580E+07 -7.2125E-03 -5.9161E-06  1.2120E-04  T
  5.9758E-06 -5.0790E-03  5.6894E+05 -3.3597E+07 -7.4975E-03 -5.9758E-06  1.2290E-04  T
  6.0355E-06 -5.0329E-03  5.2636E+05 -3.3614E+07 -7.7925E-03 -6.0355E-06  1.2461E-04  T
  6.0954E-06 -4.9868E-03  5.7039E+05 -3.3631E+07 -8.0975E-03 -6.0954E-06  1.2634E-04  T
  6.1557E-06 -4.9407E-03  5.7255E+05 -3.3648E+07 -8.4100E-03 -6.1557E-06  1.2807E-04  T
  6.2185E-06 -4.8946E-03  5.3785E+05 -3.3665E+07 -8.7375E-03 -6.2185E-06  1.2982E-04  T
  6.2783E-06 -4.8485E-03  5.4269E+05 -3.3682E+07 -9.0700E-03 -6.2783E-06  1.3158E-04  T
  6.3428E-06 -4.8024E-03  5.5076E+05 -3.3699E+07 -9.4125E-03 -6.3428E-06  1.3335E-04  T
  6.4082E-06 -4.7563E-03  5.3977E+05 -3.3716E+07 -9.7700E-03 -6.4082E-06  1.3513E-04  T
  6.4715E-06 -4.7102E-03  5.7059E+05 -3.3733E+07 -1.0138E-02 -6.4715E-06  1.3692E-04  T
  6.5362E-06 -4.6641E-03  5.8561E+05 -3.3750E+07 -1.0515E-02 -6.5362E-06  1.3873E-04  T
  6.6025E-06 -4.6180E-03  5.8436E+05 -3.3767E+07 -1.0905E-02 -6.6025E-06  1.4054E-04  T
  6.6689E-06 -4.5719E-03  6.3957E+05 -3.3784E+07 -1.1303E-02 -6.6689E-06  1.4237E-04  T
  6.7386E-06 -4.5258E-03  1.6895E+06 -3.3801E+07 -1.1715E-02 -6.7386E-06  1.4421E-04  T
  6.8072E-06 -4.4797E-03  1.7358E+06 -3.3818E+07 -1.2140E-02 -6.8072E-06  1.4606E-04  T
  6.8764E-06 -4.4336E-03  1.7423E+06 -3.3835E+07 -1.2575E-02 -6.8764E-06  1.4792E-04  T
  6.9478E-06 -4.3875E-03  1.7371E+06 -3.3852E+07 -1.3023E-02 -6.9478E-06  1.4979E-04  T
  7.0199E-06 -4.3414E-03  1.7887E+06 -3.3869E+07 -1.3485E-02 -7.0199E-06  1.5167E-04  T
  7.0918E-06 -4.2953E-03  1.8478E+06 -3.3886E+07 -1.3963E-02 -7.0918E-06  1.5357E-04  T
  7.1635E-06 -4.2492E-03  7.8799E+05 -3.3903E+07 -1.4448E-02 -7.1635E-06  1.5548E-04  T
  7.2390E-06 -4.2031E-03  1.8731E+06 -3.3920E+07 -1.4948E-02 -7.2390E-06  1.5740E-04  T
  7.3145E-06 -4.1570E-03  1.8696E+06 -3.3937E+07 -1.5460E-02 -7.3145E-06  1.5933E-04  T
  7.3915E-06 -4.1109E-03  8.4262E+05 -3.3954E+07 -1.5990E-02 -7.3915E-06  1.6127E-04  T
  7.4677E-06 -4.0648E-03  8.7070E+05 -3.3971E+07 -1.6528E-02 -7.4677E-06  1.6322E-04  T
  7.5479E-06 -4.0187E-03  2.0186E+06 -3.3987E+07 -1.7088E-02 -7.5479E-06  1.6518E-04  T
  7.6252E-06 -3.9726E-03  2.0041E+06 -3.4004E+07 -1.7658E-02 -7.6252E-06  1.6716E-04  T
  7.7056E-06 -3.9265E-03  1.8262E+06 -3.4021E+07 -1.8240E-02 -7.7056E-06  1.6914E-04  T
  7.7878E-06 -3.8804E-03  2.9005E+06 -3.4038E+07 -1.8840E-02 -7.7878E-06  1.7114E-04  T
  7.8699E-06 -3.8343E-03  2.9345E+06 -3.4055E+07 -1.9450E-02 -7.8699E-06  1.7315E-04  T
  7.9551E-06 -3.7882E-03  2.9653E+06 -3.4072E+07 -2.0085E-02 -7.9551E-06  1.7517E-04  T
  8.0374E-06 -3.7420E-03  3.9839E+06 -3.4089E+07 -2.0728E-02 -8.0374E-06  1.7720E-04  T
  8.1238E-06 -3.6959E-03  4.0535E+06 -3.4106E+07 -2.1382E-02 -8.1238E-06  1.7924E-04  T
  8.2125E-06 -3.6498E-03  4.0441E+06 -3.4123E+07 -2.2060E-02 -8.2125E-06  1.8129E-04  T
  8.2997E-06 -3.6037E-03  3.8740E+06 -3.4139E+07 -2.2750E-02 -8.2997E-06  1.8336E-04  T
  8.3892E-06 -3.5576E-03  3.9105E+06 -3.4156E+07 -2.3457E-02 -8.3892E-06  1.8543E-04  T
  8.4793E-06 -3.5115E-03  3.9328E+06 -3.4173E+07 -2.4180E-02 -8.4793E-06  1.8752E-04  T
  8.5710E-06 -3.4654E-03  4.0118E+06 -3.4190E+07 -2.4917E-02 -8.5710E-06  1.8962E-04  T
  8.6644E-06 -3.4193E-03  4.0490E+06 -3.4207E+07 -2.5672E-02 -8.6644E-06  1.9173E-04  T
  8.7585E-06 -3.3732E-03  4.0812E+06 -3.4224E+07 -2.6445E-02 -8.7585E-06  1.9385E-04  T
  8.8535E-06 -3.3271E-03  3.9515E+06 -3.4241E+07 -2.7232E-02 -8.8535E-06  1.9598E-04  T
  8.9503E-06 -3.2810E-03  5.0011E+06 -3.4257E+07 -2.8037E-02 -8.9503E-06  1.9812E-04  T
  9.0481E-06 -3.2349E-03  5.0531E+06 -3.4274E+07 -2.8860E-02 -9.0481E-06  2.0027E-04  T
  9.1470E-06 -3.1888E-03  4.9022E+06 -3.4291E+07 -2.9700E-02 -9.1470E-06  2.0244E-04  T
  9.2470E-06 -3.1427E-03  4.8888E+06 -3.4308E+07 -3.0555E-02 -9.2470E-06  2.0461E-04  T
  9.3490E-06 -3.0966E-03  4.8515E+06 -3.4325E+07 -3.1430E-02 -9.3490E-06  2.0680E-04  T
  9.4515E-06 -3.0505E-03  4.8699E+06 -3.4342E+07 -3.2322E-02 -9.4515E-06  2.0900E-04  T
  9.5552E-06 -3.0044E-03  4.9369E+06 -3.4358E+07 -3.3227E-02 -9.5552E-06  2.1120E-04  T
  9.6618E-06 -2.9583E-03  5.3223E+06 -3.4375E+07 -3.4155E-02 -9.6618E-06  2.1342E-04  T
  9.7682E-06 -2.9122E-03  5.3705E+06 -3.4392E+07 -3.5097E-02 -9.7682E-06  2.1565E-04  T
  9.8768E-06 -2.8661E-03  4.8036E+06 -3.4409E+07 -3.6058E-02 -9.8768E-06  2.1789E-04  T
  9.9868E-06 -2.8200E-03  4.7066E+06 -3.4426E+07 -3.7033E-02 -9.9868E-06  2.2015E-04  T
  1.0099E-05 -2.7739E-03  4.6842E+06 -3.4442E+07 -3.8030E-02 -1.0099E-05  2.2241E-04  T
  1.0211E-05 -2.7278E-03  4.7262E+06 -3.4459E+07 -3.9045E-02 -1.0211E-05  2.2468E-04  T
  1.0325E-05 -2.6817E-03  4.7535E+06 -3.4476E+07 -4.0078E-02 -1.0325E-05  2.2697E-04  T
  1.0440E-05 -2.6356E-03  5.7378E+06 -3.4493E+07 -4.1125E-02 -1.0440E-05  2.2926E-04  T
  1.0558E-05 -2.5895E-03  5.6090E+06 -3.4509E+07 -4.2195E-02 -1.0558E-05  2.3157E-04  T
  1.0676E-05 -2.5434E-03  5.8185E+06 -3.4526E+07 -4.3278E-02 -1.0676E-05  2.3389E-04  T
  1.0797E-05 -2.4973E-03  5.6079E+06 -3.4543E+07 -4.4383E-02 -1.0797E-05  2.3621E-04  T
  1.0918E-05 -2.4512E-03  6.6369E+06 -3.4560E+07 -4.5500E-02 -1.0918E-05  2.3855E-04  T
  1.1042E-05 -2.4051E-03  6.5090E+06 -3.4576E+07 -4.6633E-02 -1.1042E-05  2.4090E-04  T
  1.1168E-05 -2.3590E-03  7.7574E+06 -3.4593E+07 -4.7790E-02 -1.1168E-05  2.4326E-04  T
  1.1294E-05 -2.3129E-03  7.7151E+06 -3.4610E+07 -4.8958E-02 -1.1294E-05  2.4563E-04  T
  1.1423E-05 -2.2668E-03  7.3853E+06 -3.4627E+07 -5.0150E-02 -1.1423E-05  2.4801E-04  T
  1.1553E-05 -2.2207E-03  7.2297E+06 -3.4643E+07 -5.1353E-02 -1.1553E-05  2.5041E-04  T
  1.1685E-05 -2.1746E-03  6.7222E+06 -3.4660E+07 -5.2575E-02 -1.1685E-05  2.5281E-04  T
  1.1819E-05 -2.1285E-03  7.4558E+06 -3.4677E+07 -5.3813E-02 -1.1819E-05  2.5522E-04  T
  1.1955E-05 -2.0824E-03  8.2677E+06 -3.4693E+07 -5.5070E-02 -1.1955E-05  2.5764E-04  T
  1.2092E-05 -2.0363E-03  8.4322E+06 -3.4710E+07 -5.6343E-02 -1.2092E-05  2.6008E-04  T
  1.2231E-05 -1.9902E-03  9.3271E+06 -3.4727E+07 -5.7633E-02 -1.2231E-05  2.6252E-04  T
  1.2372E-05 -1.9441E-03  9.3813E+06 -3.4744E+07 -5.8940E-02 -1.2372E-05  2.6498E-04  T
  1.2515E-05 -1.8980E-03  8.4594E+06 -3.4760E+07 -6.0263E-02 -1.2515E-05  2.6745E-04  T
  1.2659E-05 -1.8519E-03  8.5080E+06 -3.4777E+07 -6.1600E-02 -1.2659E-05  2.6992E-04  T
  1.2806E-05 -1.8058E-03  9.3457E+06 -3.4794E+07 -6.2955E-02 -1.2806E-05  2.7241E-04  T
  1.2954E-05 -1.7597E-03  9.2420E+06 -3.4810E+07 -6.4323E-02 -1.2954E-05  2.7490E-04  T
  1.3105E-05 -1.7136E-03  9.0168E+06 -3.4827E+07 -6.5708E-02 -1.3105E-05  2.7741E-04  T
  1.3258E-05 -1.6675E-03  1.0030E+07 -3.4844E+07 -6.7108E-02 -1.3258E-05  2.7993E-04  T
  1.3413E-05 -1.6214E-03  9.9048E+06 -3.4860E+07 -6.8520E-02 -1.3413E-05  2.8246E-04  T
  1.3570E-05 -1.5753E-03  9.9553E+06 -3.4877E+07 -6.9948E-02 -1.3570E-05  2.8500E-04  T
  1.3729E-05 -1.5292E-03  1.0007E+07 -3.4894E+07 -7.1393E-02 -1.3729E-05  2.8754E-04  T
  1.3889E-05 -1.4831E-03  9.7968E+06 -3.4910E+07 -7.2848E-02 -1.3889E-05  2.9010E-04  T
  1.4053E-05 -1.4369E-03  9.9450E+06 -3.4927E+07 -7.4318E-02 -1.4053E-05  2.9267E-04  T
  1.4219E-05 -1.3908E-03  1.0968E+07 -3.4943E+07 -7.5803E-02 -1.4219E-05  2.9525E-04  T
  1.4386E-05 -1.3447E-03  1.1065E+07 -3.4960E+07 -7.7305E-02 -1.4386E-05  2.9784E-04  T
  1.4555E-05 -1.2986E-03  1.0947E+07 -3.4977E+07 -7.8813E-02 -1.4555E-05  3.0044E-04  T
  1.4728E-05 -1.2525E-03  1.1028E+07 -3.4993E+07 -8.0333E-02 -1.4728E-05  3.0305E-04  T
  1.4902E-05 -1.2064E-03  1.1110E+07 -3.5010E+07 -8.1870E-02 -1.4902E-05  3.0567E-04  T
  1.5079E-05 -1.1603E-03  1.1866E+07 -3.5027E+07 -8.3413E-02 -1.5079E-05  3.0830E-04  T
  1.5259E-05 -1.1142E-03  1.1959E+07 -3.5043E+07 -8.4975E-02 -1.5259E-05  3.1093E-04  T
  1.5439E-05 -1.0681E-03  1.1717E+07 -3.5060E+07 -8.6543E-02 -1.5439E-05  3.1358E-04  T
  1.5624E-05 -1.0220E-03  1.1785E+07 -3.5076E+07 -8.8125E-02 -1.5624E-05  3.1624E-04  T
  1.5810E-05 -9.7593E-04  1.2580E+07 -3.5093E+07 -8.9715E-02 -1.5810E-05  3.1891E-04  T
  1.5999E-05 -9.2983E-04  1.2502E+07 -3.5110E+07 -9.1315E-02 -1.5999E-05  3.2159E-04  T
  1.6190E-05 -8.8372E-04  1.2700E+07 -3.5126E+07 -9.2923E-02 -1.6190E-05  3.2428E-04  T
  1.6385E-05 -8.3762E-04  1.2816E+07 -3.5143E+07 -9.4543E-02 -1.6385E-05  3.2698E-04  T
  1.6581E-05 -7.9152E-04  1.2826E+07 -3.5159E+07 -9.6170E-02 -1.6581E-05  3.2968E-04  T
  1.6780E-05 -7.4542E-04  1.4768E+07 -3.5176E+07 -9.7808E-02 -1.6780E-05  3.3240E-04  T
  1.6982E-05 -6.9932E-04  1.4872E+07 -3.5192E+07 -9.9448E-02 -1.6982E-05  3.3513E-04  T
  1.7188E-05 -6.5321E-04  1.4450E+07 -3.5209E+07 -1.0110E-01 -1.7188E-05  3.3787E-04  T
  1.7396E-05 -6.0711E-04  1.4614E+07 -3.5226E+07 -1.0276E-01 -1.7396E-05  3.4061E-04  T
  1.7606E-05 -5.6101E-04  1.4517E+07 -3.5242E+07 -1.0442E-01 -1.7606E-05  3.4337E-04  T
  1.7819E-05 -5.1491E-04  1.4510E+07 -3.5259E+07 -1.0609E-01 -1.7819E-05  3.4613E-04  T
  1.8036E-05 -4.6881E-04  1.6253E+07 -3.5275E+07 -1.0776E-01 -1.8036E-05  3.4891E-04  T
  1.8255E-05 -4.2270E-04  1.6203E+07 -3.5292E+07 -1.0944E-01 -1.8255E-05  3.5169E-04  T
  1.8477E-05 -3.7660E-04  1.6286E+07 -3.5308E+07 -1.1112E-01 -1.8477E-05  3.5449E-04  T
  1.8703E-05 -3.3050E-04  1.6389E+07 -3.5325E+07 -1.1281E-01 -1.8703E-05  3.5729E-04  T
  1.8931E-05 -2.8440E-04  1.6284E+07 -3.5341E+07 -1.1451E-01 -1.8931E-05  3.6010E-04  T
  1.9162E-05 -2.3830E-04  1.6457E+07 -3.5358E+07 -1.1620E-01 -1.9162E-05  3.6292E-04  T
  1.9397E-05 -1.9219E-04  1.6544E+07 -3.5374E+07 -1.1790E-01 -1.9397E-05  3.6575E-04  T
  1.9635E-05 -1.4609E-04  1.6257E+07 -3.5391E+07 -1.1960E-01 -1.9635E-05  3.6859E-04  T
  1.9876E-05 -9.9990E-05  1.6361E+07 -3.5407E+07 -1.2130E-01 -1.9876E-05  3.7144E-04  T
  2.0121E-05 -5.3888E-05  1.7244E+07 -3.5424E+07 -1.2300E-01 -2.0121E-05  3.7430E-04  T
  2.0369E-05 -7.7862E-06  1.7033E+07 -3.5440E+07 -1.2471E-01 -2.0369E-05  3.7716E-04  T
  2.0619E-05  3.8316E-05  1.7168E+07 -3.5457E+07 -1.2641E-01 -2.0619E-05  3.8004E-04  T
  2.0874E-05  8.4418E-05  1.9136E+07 -3.5473E+07 -1.2811E-01 -2.0874E-05  3.8292E-04  T
  2.1132E-05  1.3052E-04  1.9264E+07 -3.5490E+07 -1.2981E-01 -2.1132E-05  3.8582E-04  T
  2.1395E-05  1.7662E-04  1.8971E+07 -3.5506E+07 -1.3151E-01 -2.1395E-05  3.8872E-04  T
  2.1660E-05  2.2272E-04  1.9879E+07 -3.5523E+07 -1.3321E-01 -2.1660E-05  3.9163E-04  T
  2.1929E-05  2.6883E-04  2.0063E+07 -3.5539E+07 -1.3490E-01 -2.1929E-05  3.9455E-04  T
  2.2202E-05  3.1493E-04  1.9774E+07 -3.5555E+07 -1.3660E-01 -2.2202E-05  3.9748E-04  T
  2.2479E-05  3.6103E-04  1.9955E+07 -3.5572E+07 -1.3828E-01 -2.2479E-05  4.0041E-04  T
  2.2759E-05  4.0713E-04  2.0117E+07 -3.5588E+07 -1.3997E-01 -2.2759E-05  4.0336E-04  T
  2.3043E-05  4.5323E-04  2.0237E+07 -3.5605E+07 -1.4165E-01 -2.3043E-05  4.0631E-04  T
  2.3332E-05  4.9934E-04  2.0829E+07 -3.5621E+07 -1.4333E-01 -2.3332E-05  4.0927E-04  T
  2.3624E-05  5.4544E-04  2.0956E+07 -3.5638E+07 -1.4500E-01 -2.3624E-05  4.1224E-04  T
  2.3920E-05  5.9154E-04  2.1723E+07 -3.5654E+07 -1.4667E-01 -2.3920E-05  4.1522E-04  T
  2.4220E-05  6.3764E-04  2.1465E+07 -3.5670E+07 -1.4832E-01 -2.4220E-05  4.1821E-04  T
  2.4525E-05  6.8374E-04  2.1545E+07 -3.5687E+07 -1.4998E-01 -2.4525E-05  4.2120E-04  T
  2.4833E-05  7.2985E-04  2.2512E+07 -3.5703E+07 -1.5162E-01 -2.4833E-05  4.2421E-04  T
  2.5146E-05  7.7595E-04  2.2339E+07 -3.5720E+07 -1.5326E-01 -2.5146E-05  4.2722E-04  T
  2.5464E-05  8.2205E-04  2.2905E+07 -3.5736E+07 -1.5489E-01 -2.5464E-05  4.3024E-04  T
  2.5786E-05  8.6815E-04  2.4064E+07 -3.5752E+07 -1.5651E-01 -2.5786E-05  4.3326E-04  T
  2.6112E-05  9.1425E-04  2.3784E+07 -3.5769E+07 -1.5812E-01 -2.6112E-05  4.3630E-04  T
  2.6443E-05  9.6036E-04  2.3001E+07 -3.5785E+07 -1.5973E-01 -2.6443E-05  4.3934E-04  T
  2.6779E-05  1.0065E-03  2.3946E+07 -3.5802E+07 -1.6132E-01 -2.6779E-05  4.4239E-04  T
  2.7118E-05  1.0526E-03  2.3981E+07 -3.5818E+07 -1.6290E-01 -2.7118E-05  4.4545E-04  T
  2.7464E-05  1.0987E-03  2.4149E+07 -3.5834E+07 -1.6448E-01 -2.7464E-05  4.4851E-04  T
  2.7813E-05  1.1448E-03  2.4867E+07 -3.5851E+07 -1.6604E-01 -2.7813E-05  4.5159E-04  T
  2.8168E-05  1.1909E-03  2.4158E+07 -3.5867E+07 -1.6759E-01 -2.8168E-05  4.5466E-04  T
  2.8527E-05  1.2370E-03  2.5041E+07 -3.5883E+07 -1.6913E-01 -2.8527E-05  4.5775E-04  T
  2.8891E-05  1.2831E-03  2.4846E+07 -3.5900E+07 -1.7066E-01 -2.8891E-05  4.6085E-04  T
  2.9260E-05  1.3292E-03  2.4652E+07 -3.5916E+07 -1.7217E-01 -2.9260E-05  4.6395E-04  T
  2.9635E-05  1.3753E-03  2.4799E+07 -3.5932E+07 -1.7368E-01 -2.9635E-05  4.6706E-04  T
  3.0014E-05  1.4214E-03  2.5001E+07 -3.5949E+07 -1.7516E-01 -3.0014E-05  4.7018E-04  T
  3.0399E-05  1.4675E-03  2.5110E+07 -3.5965E+07 -1.7664E-01 -3.0399E-05  4.7330E-04  T
  3.0789E-05  1.5136E-03  2.5356E+07 -3.5981E+07 -1.7810E-01 -3.0789E-05  4.7643E-04  T
  3.1185E-05  1.5597E-03  2.4682E+07 -3.5998E+07 -1.7955E-01 -3.1185E-05  4.7957E-04  T
  3.1586E-05  1.6058E-03  2.4648E+07 -3.6014E+07 -1.8099E-01 -3.1586E-05  4.8271E-04  T
  3.1992E-05  1.6519E-03  2.4331E+07 -3.6030E+07 -1.8241E-01 -3.1992E-05  4.8586E-04  T
  3.2404E-05  1.6980E-03  2.5518E+07 -3.6047E+07 -1.8381E-01 -3.2404E-05  4.8902E-04  T
  3.2823E-05  1.7441E-03  2.5318E+07 -3.6063E+07 -1.8520E-01 -3.2823E-05  4.9218E-04  T
  3.3247E-05  1.7902E-03  2.6582E+07 -3.6079E+07 -1.8658E-01 -3.3247E-05  4.9535E-04  T
  3.3675E-05  1.8363E-03  2.6601E+07 -3.6095E+07 -1.8793E-01 -3.3675E-05  4.9853E-04  T
  3.4112E-05  1.8824E-03  2.6700E+07 -3.6112E+07 -1.8928E-01 -3.4112E-05  5.0172E-04  T
  3.4553E-05  1.9285E-03  2.6010E+07 -3.6128E+07 -1.9060E-01 -3.4553E-05  5.0491E-04  T
  3.5001E-05  1.9746E-03  2.7015E+07 -3.6144E+07 -1.9192E-01 -3.5001E-05  5.0810E-04  T
  3.5453E-05  2.0207E-03  2.7140E+07 -3.6161E+07 -1.9321E-01 -3.5453E-05  5.1130E-04  T
  3.5913E-05  2.0668E-03  2.7510E+07 -3.6177E+07 -1.9449E-01 -3.5913E-05  5.1451E-04  T
  3.6379E-05  2.1129E-03  2.7468E+07 -3.6193E+07 -1.9575E-01 -3.6379E-05  5.1773E-04  T
  3.6851E-05  2.1590E-03  2.7498E+07 -3.6209E+07 -1.9700E-01 -3.6851E-05  5.2095E-04  T
  3.7330E-05  2.2051E-03  2.7500E+07 -3.6226E+07 -1.9823E-01 -3.7330E-05  5.2417E-04  T
  3.7816E-05  2.2512E-03  2.7555E+07 -3.6242E+07 -1.9944E-01 -3.7816E-05  5.2740E-04  T
  3.8307E-05  2.2973E-03  2.7771E+07 -3.6258E+07 -2.0063E-01 -3.8307E-05  5.3064E-04  T
  3.8806E-05  2.3434E-03  2.7184E+07 -3.6274E+07 -2.0181E-01 -3.8806E-05  5.3388E-04  T
  3.9310E-05  2.3895E-03  2.7454E+07 -3.6290E+07 -2.0297E-01 -3.9310E-05  5.3713E-04  T
  3.9823E-05  2.4356E-03  2.7532E+07 -3.6307E+07 -2.0411E-01 -3.9823E-05  5.4039E-04  T
  4.0342E-05  2.4817E-03  2.7419E+07 -3.6323E+07 -2.0524E-01 -4.0342E-05  5.4365E-04  T
  4.0867E-05  2.5278E-03  2.6734E+07 -3.6339E+07 -2.0635E-01 -4.0867E-05  5.4691E-04  T
  4.1401E-05  2.5739E-03  2.6869E+07 -3.6355E+07 -2.0744E-01 -4.1401E-05  5.5018E-04  T
  4.1941E-05  2.6200E-03  2.6488E+07 -3.6372E+07 -2.0851E-01 -4.1941E-05  5.5345E-04  T
  4.2488E-05  2.6661E-03  2.6198E+07 -3.6388E+07 -2.0956E-01 -4.2488E-05  5.5673E-04  T
  4.3043E-05  2.7122E-03  2.6928E+07 -3.6404E+07 -2.1060E-01 -4.3043E-05  5.6002E-04  T
  4.3603E-05  2.7583E-03  2.7721E+07 -3.6420E+07 -2.1162E-01 -4.3603E-05  5.6331E-04  T
  4.4173E-05  2.8044E-03  2.7740E+07 -3.6436E+07 -2.1262E-01 -4.4173E-05  5.6660E-04  T
  4.4750E-05  2.8505E-03  2.7802E+07 -3.6452E+07 -2.1361E-01 -4.4750E-05  5.6990E-04  T
  4.5334E-05  2.8966E-03  2.7886E+07 -3.6469E+07 -2.1457E-01 -4.5334E-05  5.7321E-04  T
  4.5926E-05  2.9427E-03  2.7594E+07 -3.6485E+07 -2.1552E-01 -4.5926E-05  5.7652E-04  T
  4.6526E-05  2.9888E-03  2.7569E+07 -3.6501E+07 -2.1646E-01 -4.6526E-05  5.7983E-04  T
  4.7133E-05  3.0349E-03  2.7643E+07 -3.6517E+07 -2.1737E-01 -4.7133E-05  5.8315E-04  T
  4.7749E-05  3.0810E-03  2.7710E+07 -3.6533E+07 -2.1826E-01 -4.7749E-05  5.8647E-04  T
  4.8372E-05  3.1271E-03  2.7730E+07 -3.6549E+07 -2.1914E-01 -4.8372E-05  5.8979E-04  T
  4.9004E-05  3.1733E-03  2.8528E+07 -3.6565E+07 -2.2001E-01 -4.9004E-05  5.9312E-04  T
  4.9642E-05  3.2194E-03  2.8548E+07 -3.6582E+07 -2.2085E-01 -4.9642E-05  5.9646E-04  T
  5.0291E-05  3.2655E-03  2.8581E+07 -3.6598E+07 -2.2168E-01 -5.0291E-05  5.9979E-04  T
  5.0947E-05  3.3116E-03  2.8299E+07 -3.6614E+07 -2.2249E-01 -5.0947E-05  6.0314E-04  T
  5.1611E-05  3.3577E-03  2.8434E+07 -3.6630E+07 -2.2328E-01 -5.1611E-05  6.0648E-04  T
  5.2284E-05  3.4038E-03  2.8604E+07 -3.6646E+07 -2.2406E-01 -5.2284E-05  6.0983E-04  T
  5.2964E-05  3.4499E-03  2.8640E+07 -3.6662E+07 -2.2483E-01 -5.2964E-05  6.1319E-04  T
  5.3653E-05  3.4960E-03  2.8780E+07 -3.6678E+07 -2.2557E-01 -5.3653E-05  6.1654E-04  T
  5.4352E-05  3.5421E-03  2.8814E+07 -3.6694E+07 -2.2630E-01 -5.4352E-05  6.1990E-04  T
  5.5059E-05  3.5882E-03  2.9043E+07 -3.6710E+07 -2.2701E-01 -5.5059E-05  6.2327E-04  T
  5.5774E-05  3.6343E-03  2.8834E+07 -3.6726E+07 -2.2771E-01 -5.5774E-05  6.2663E-04  T
  5.6499E-05  3.6804E-03  2.8869E+07 -3.6743E+07 -2.2838E-01 -5.6499E-05  6.3000E-04  T
  5.7233E-05  3.7265E-03  2.8951E+07 -3.6759E+07 -2.2905E-01 -5.7233E-05  6.3338E-04  T
  5.7975E-05  3.7726E-03  2.9015E+07 -3.6775E+07 -2.2970E-01 -5.7975E-05  6.3675E-04  T
  5.8726E-05  3.8187E-03  2.9041E+07 -3.6791E+07 -2.3034E-01 -5.8726E-05  6.4014E-04  T
  5.9487E-05  3.8648E-03  2.9880E+07 -3.6807E+07 -2.3096E-01 -5.9487E-05  6.4352E-04  T
  6.0256E-05  3.9109E-03  2.9476E+07 -3.6823E+07 -2.3156E-01 -6.0256E-05  6.4690E-04  T
  6.1035E-05  3.9570E-03  2.9384E+07 -3.6839E+07 -2.3215E-01 -6.1035E-05  6.5029E-04  T
  6.1824E-05  4.0031E-03  2.9453E+07 -3.6855E+07 -2.3272E-01 -6.1824E-05  6.5368E-04  T
  6.2621E-05  4.0492E-03  2.9433E+07 -3.6871E+07 -2.3329E-01 -6.2621E-05  6.5708E-04  T
  6.3427E-05  4.0953E-03  2.9347E+07 -3.6887E+07 -2.3383E-01 -6.3427E-05  6.6048E-04  T
  6.4243E-05  4.1414E-03  2.9330E+07 -3.6903E+07 -2.3437E-01 -6.4243E-05  6.6388E-04  T
  6.5069E-05  4.1875E-03  2.9411E+07 -3.6919E+07 -2.3488E-01 -6.5069E-05  6.6728E-04  T
  6.5905E-05  4.2336E-03  2.9468E+07 -3.6935E+07 -2.3539E-01 -6.5905E-05  6.7068E-04  T
  6.6750E-05  4.2797E-03  3.0412E+07 -3.6951E+07 -2.3588E-01 -6.6750E-05  6.7409E-04  T
  6.7605E-05  4.3258E-03  3.0117E+07 -3.6967E+07 -2.3636E-01 -6.7605E-05  6.7750E-04  T
  6.8470E-05  4.3719E-03  3.0046E+07 -3.6983E+07 -2.3682E-01 -6.8470E-05  6.8091E-04  T
  6.9345E-05  4.4180E-03  3.0005E+07 -3.6999E+07 -2.3728E-01 -6.9345E-05  6.8433E-04  T
  7.0229E-05  4.4641E-03  3.0132E+07 -3.7015E+07 -2.3772E-01 -7.0229E-05  6.8774E-04  T
  7.1124E-05  4.5102E-03  3.0136E+07 -3.7031E+07 -2.3815E-01 -7.1124E-05  6.9116E-04  T
  7.2027E-05  4.5563E-03  2.9581E+07 -3.7047E+07 -2.3856E-01 -7.2027E-05  6.9458E-04  T
  7.2943E-05  4.6024E-03  2.9584E+07 -3.7063E+07 -2.3897E-01 -7.2943E-05  6.9801E-04  T
  7.3867E-05  4.6485E-03  2.9692E+07 -3.7079E+07 -2.3936E-01 -7.3867E-05  7.0143E-04  T
  7.4803E-05  4.6946E-03  2.9558E+07 -3.7095E+07 -2.3974E-01 -7.4803E-05  7.0486E-04  T
  7.5746E-05  4.7407E-03  3.0300E+07 -3.7111E+07 -2.4011E-01 -7.5746E-05  7.0829E-04  T
  7.6702E-05  4.7868E-03  3.0270E+07 -3.7127E+07 -2.4047E-01 -7.6702E-05  7.1171E-04  T
  7.7668E-05  4.8329E-03  3.0321E+07 -3.7143E+07 -2.4082E-01 -7.7668E-05  7.1515E-04  T
  7.8644E-05  4.8790E-03  3.0267E+07 -3.7159E+07 -2.4116E-01 -7.8644E-05  7.1858E-04  T
  7.9629E-05  4.9251E-03  3.0291E+07 -3.7175E+07 -2.4148E-01 -7.9629E-05  7.2202E-04  T
  8.0627E-05  4.9712E-03  3.0286E+07 -3.7191E+07 -2.4180E-01 -8.0627E-05  7.2545E-04  T
  8.1633E-05  5.0173E-03  3.0291E+07 -3.7206E+07 -2.4211E-01 -8.1633E-05  7.2889E-04  T
  8.2651E-05  5.0634E-03  3.0152E+07 -3.7222E+07 -2.4241E-01 -8.2651E-05  7.3233E-04  T
  8.3679E-05  5.1095E-03  3.0188E+07 -3.7238E+07 -2.4270E-01 -8.3679E-05  7.3577E-04  T
  8.4717E-05  5.1556E-03  3.0259E+07 -3.7254E+07 -2.4298E-01 -8.4717E-05  7.3921E-04  T
  8.5767E-05  5.2017E-03  3.0201E+07 -3.7270E+07 -2.4325E-01 -8.5767E-05  7.4266E-04  T
  8.6828E-05  5.2478E-03  3.0180E+07 -3.7286E+07 -2.4351E-01 -8.6828E-05  7.4610E-04  T
  8.7898E-05  5.2939E-03  3.0202E+07 -3.7302E+07 -2.4376E-01 -8.7898E-05  7.4955E-04  T
  8.8981E-05  5.3400E-03  3.0262E+07 -3.7318E+07 -2.4401E-01 -8.8981E-05  7.5300E-04  T
  9.0072E-05  5.3861E-03  3.0259E+07 -3.7334E+07 -2.4425E-01 -9.0072E-05  7.5644E-04  T
  9.1175E-05  5.4322E-03  3.0207E+07 -3.7350E+07 -2.4447E-01 -9.1175E-05  7.5989E-04  T
  9.2290E-05  5.4784E-03  2.9801E+07 -3.7365E+07 -2.4470E-01 -9.2290E-05  7.6335E-04  T
  9.3414E-05  5.5245E-03  3.0300E+07 -3.7381E+07 -2.4491E-01 -9.3414E-05  7.6680E-04  T
  9.4550E-05  5.5706E-03  3.0942E+07 -3.7397E+07 -2.4511E-01 -9.4550E-05  7.7025E-04  T
  9.5698E-05  5.6167E-03  3.0496E+07 -3.7413E+07 -2.4531E-01 -9.5698E-05  7.7370E-04  T
  9.6855E-05  5.6628E-03  3.0479E+07 -3.7429E+07 -2.4551E-01 -9.6855E-05  7.7716E-04  T
  9.8024E-05  5.7089E-03  3.0461E+07 -3.7445E+07 -2.4569E-01 -9.8024E-05  7.8061E-04  T
  9.9203E-05  5.7550E-03  3.0534E+07 -3.7461E+07 -2.4587E-01 -9.9203E-05  7.8407E-04  T
  1.0039E-04  5.8011E-03  3.0545E+07 -3.7476E+07 -2.4604E-01 -1.0039E-04  7.8753E-04  T
  1.0160E-04  5.8472E-03  3.0440E+07 -3.7492E+07 -2.4621E-01 -1.0160E-04  7.9099E-04  T
  1.0281E-04  5.8933E-03  3.0456E+07 -3.7508E+07 -2.4637E-01 -1.0281E-04  7.9445E-04  T
  1.0403E-04  5.9394E-03  3.0445E+07 -3.7524E+07 -2.4652E-01 -1.0403E-04  7.9791E-04  T
  1.0527E-04  5.9855E-03  3.0368E+07 -3.7540E+07 -2.4667E-01 -1.0527E-04  8.0137E-04  T
  1.0652E-04  6.0316E-03  3.0332E+07 -3.7555E+07 -2.4681E-01 -1.0652E-04  8.0483E-04  T
  1.0777E-04  6.0777E-03  3.0341E+07 -3.7571E+07 -2.4695E-01 -1.0777E-04  8.0829E-04  T
  1.0904E-04  6.1238E-03  2.9910E+07 -3.7587E+07 -2.4709E-01 -1.0904E-04  8.1175E-04  T
  1.1032E-04  6.1699E-03  2.9893E+07 -3.7603E+07 -2.4721E-01 -1.1032E-04  8.1522E-04  T
  1.1161E-04  6.2160E-03  2.9828E+07 -3.7619E+07 -2.4734E-01 -1.1161E-04  8.1868E-04  T
  1.1292E-04  6.2621E-03  2.9811E+07 -3.7634E+07 -2.4746E-01 -1.1292E-04  8.2215E-04  T
  1.1423E-04  6.3082E-03  2.9811E+07 -3.7650E+07 -2.4757E-01 -1.1423E-04  8.2561E-04  T
  1.1555E-04  6.3543E-03  2.9848E+07 -3.7666E+07 -2.4768E-01 -1.1555E-04  8.2908E-04  T
  1.1689E-04  6.4004E-03  2.9815E+07 -3.7682E+07 -2.4778E-01 -1.1689E-04  8.3254E-04  T
  1.1824E-04  6.4465E-03  2.9807E+07 -3.7697E+07 -2.4788E-01 -1.1824E-04  8.3601E-04  T
  1.1960E-04  6.4926E-03  2.9709E+07 -3.7713E+07 -2.4798E-01 -1.1960E-04  8.3948E-04  T
  1.2097E-04  6.5387E-03  2.9735E+07 -3.7729E+07 -2.4807E-01 -1.2097E-04  8.4295E-04  T
  1.2235E-04  6.5848E-03  2.9735E+07 -3.7745E+07 -2.4816E-01 -1.2235E-04  8.4641E-04  T
  1.2374E-04  6.6309E-03  2.9698E+07 -3.7760E+07 -2.4825E-01 -1.2374E-04  8.4988E-04  T
  1.2515E-04  6.6770E-03  2.9649E+07 -3.7776E+07 -2.4833E-01 -1.2515E-04  8.5335E-04  T
  1.2656E-04  6.7231E-03  2.9255E+07 -3.7792E+07 -2.4841E-01 -1.2656E-04  8.5682E-04  T
  1.2799E-04  6.7692E-03  2.9247E+07 -3.7808E+07 -2.4848E-01 -1.2799E-04  8.6029E-04  T
  1.2943E-04  6.8153E-03  2.8791E+07 -3.7823E+07 -2.4855E-01 -1.2943E-04  8.6376E-04  T
  1.3088E-04  6.8614E-03  2.8670E+07 -3.7839E+07 -2.4862E-01 -1.3088E-04  8.6723E-04  T
  1.3234E-04  6.9075E-03  2.8623E+07 -3.7855E+07 -2.4869E-01 -1.3234E-04  8.7070E-04  T
  1.3381E-04  6.9536E-03  2.8465E+07 -3.7870E+07 -2.4875E-01 -1.3381E-04  8.7417E-04  T
  1.3530E-04  6.9997E-03  2.8411E+07 -3.7886E+07 -2.4881E-01 -1.3530E-04  8.7764E-04  T
  1.3679E-04  7.0458E-03  2.8423E+07 -3.7902E+07 -2.4887E-01 -1.3679E-04  8.8111E-04  T
  1.3830E-04  7.0919E-03  2.8396E+07 -3.7918E+07 -2.4892E-01 -1.3830E-04  8.8459E-04  T
  1.3982E-04  7.1380E-03  2.8322E+07 -3.7933E+07 -2.4898E-01 -1.3982E-04  8.8806E-04  T
  1.4135E-04  7.1841E-03  2.8318E+07 -3.7949E+07 -2.4903E-01 -1.4135E-04  8.9153E-04  T
  1.4289E-04  7.2302E-03  2.8248E+07 -3.7965E+07 -2.4907E-01 -1.4289E-04  8.9500E-04  T
  1.4445E-04  7.2763E-03  2.8194E+07 -3.7980E+07 -2.4912E-01 -1.4445E-04  8.9847E-04  T
  1.4601E-04  7.3224E-03  2.8163E+07 -3.7996E+07 -2.4917E-01 -1.4601E-04  9.0195E-04  T
  1.4759E-04  7.3685E-03  2.8097E+07 -3.8012E+07 -2.4921E-01 -1.4759E-04  9.0542E-04  T
  1.4918E-04  7.4146E-03  2.7657E+07 -3.8027E+07 -2.4925E-01 -1.4918E-04  9.0889E-04  T
  1.5078E-04  7.4607E-03  2.7632E+07 -3.8043E+07 -2.4929E-01 -1.5078E-04  9.1236E-04  T
  1.5239E-04  7.5068E-03  2.7629E+07 -3.8058E+07 -2.4932E-01 -1.5239E-04  9.1584E-04  T
  1.5401E-04  7.5529E-03  2.7500E+07 -3.8074E+07 -2.4936E-01 -1.5401E-04  9.1931E-04  T
  1.5565E-04  7.5990E-03  2.7533E+07 -3.8090E+07 -2.4939E-01 -1.5565E-04  9.2278E-04  T
  1.5729E-04  7.6451E-03  2.7477E+07 -3.8105E+07 -2.4942E-01 -1.5729E-04  9.2625E-04  T
  1.5895E-04  7.6912E-03  2.7409E+07 -3.8121E+07 -2.4946E-01 -1.5895E-04  9.2973E-04  T
  1.6062E-04  7.7373E-03  2.7376E+07 -3.8137E+07 -2.4948E-01 -1.6062E-04  9.3320E-04  T
  1.6230E-04  7.7835E-03  2.7159E+07 -3.8152E+07 -2.4951E-01 -1.6230E-04  9.3667E-04  T
  1.6399E-04  7.8296E-03  2.7110E+07 -3.8168E+07 -2.4954E-01 -1.6399E-04  9.4015E-04  T
  1.6570E-04  7.8757E-03  2.7073E+07 -3.8183E+07 -2.4956E-01 -1.6570E-04  9.4362E-04  T
  1.6741E-04  7.9218E-03  2.6972E+07 -3.8199E+07 -2.4958E-01 -1.6741E-04  9.4709E-04  T
  1.6914E-04  7.9679E-03  2.6922E+07 -3.8215E+07 -2.4961E-01 -1.6914E-04  9.5056E-04  T
  1.7088E-04  8.0140E-03  2.6864E+07 -3.8230E+07 -2.4963E-01 -1.7088E-04  9.5404E-04  T
  1.7263E-04  8.0601E-03  2.6783E+07 -3.8246E+07 -2.4965E-01 -1.7263E-04  9.5751E-04  T
  1.7440E-04  8.1062E-03  2.6742E+07 -3.8261E+07 -2.4967E-01 -1.7440E-04  9.6098E-04  T
  1.7617E-04  8.1523E-03  2.6594E+07 -3.8277E+07 -2.4969E-01 -1.7617E-04  9.6445E-04  T
  1.7796E-04  8.1984E-03  2.6155E+07 -3.8292E+07 -2.4970E-01 -1.7796E-04  9.6793E-04  T
  1.7975E-04  8.2445E-03  2.6115E+07 -3.8308E+07 -2.4972E-01 -1.7975E-04  9.7140E-04  T
  1.8156E-04  8.2906E-03  2.6035E+07 -3.8323E+07 -2.4973E-01 -1.8156E-04  9.7487E-04  T
  1.8338E-04  8.3367E-03  2.5921E+07 -3.8339E+07 -2.4975E-01 -1.8338E-04  9.7834E-04  T
  1.8522E-04  8.3828E-03  2.5889E+07 -3.8355E+07 -2.4976E-01 -1.8522E-04  9.8181E-04  T
  1.8706E-04  8.4289E-03  2.5821E+07 -3.8370E+07 -2.4978E-01 -1.8706E-04  9.8528E-04  T
  1.8892E-04  8.4750E-03  2.5755E+07 -3.8386E+07 -2.4979E-01 -1.8892E-04  9.8875E-04  T
  1.9078E-04  8.5211E-03  2.5688E+07 -3.8401E+07 -2.4980E-01 -1.9078E-04  9.9223E-04  T
  1.9266E-04  8.5672E-03  2.5647E+07 -3.8417E+07 -2.4982E-01 -1.9266E-04  9.9570E-04  T
  1.9455E-04  8.6133E-03  2.5597E+07 -3.8432E+07 -2.4982E-01 -1.9455E-04  9.9917E-04  T
  1.9646E-04  8.6594E-03  2.5121E+07 -3.8448E+07 -2.4984E-01 -1.9646E-04  1.0026E-03  T
  1.9837E-04  8.7055E-03  2.5054E+07 -3.8463E+07 -2.4985E-01 -1.9837E-04  1.0061E-03  T
  2.0030E-04  8.7516E-03  2.4977E+07 -3.8479E+07 -2.4985E-01 -2.0030E-04  1.0096E-03  T
  2.0224E-04  8.7977E-03  2.4921E+07 -3.8494E+07 -2.4986E-01 -2.0224E-04  1.0130E-03  T
  2.0419E-04  8.8438E-03  2.4477E+07 -3.8510E+07 -2.4987E-01 -2.0419E-04  1.0165E-03  T
  2.0615E-04  8.8899E-03  2.4306E+07 -3.8525E+07 -2.4988E-01 -2.0615E-04  1.0200E-03  T
  2.0813E-04  8.9360E-03  2.4223E+07 -3.8540E+07 -2.4989E-01 -2.0813E-04  1.0234E-03  T
  2.1011E-04  8.9821E-03  2.4160E+07 -3.8556E+07 -2.4989E-01 -2.1011E-04  1.0269E-03  T
  2.1211E-04  9.0282E-03  2.4064E+07 -3.8571E+07 -2.4990E-01 -2.1211E-04  1.0304E-03  T
  2.1412E-04  9.0743E-03  2.3948E+07 -3.8587E+07 -2.4991E-01 -2.1412E-04  1.0338E-03  T
  2.1614E-04  9.1204E-03  2.3892E+07 -3.8602E+07 -2.4991E-01 -2.1614E-04  1.0373E-03  T
  2.1817E-04  9.1665E-03  2.3858E+07 -3.8618E+07 -2.4992E-01 -2.1817E-04  1.0408E-03  T
  2.2022E-04  9.2126E-03  2.3775E+07 -3.8633E+07 -2.4992E-01 -2.2022E-04  1.0442E-03  T
  2.2228E-04  9.2587E-03  2.3721E+07 -3.8649E+07 -2.4993E-01 -2.2228E-04  1.0477E-03  T
  2.2434E-04  9.3048E-03  2.3601E+07 -3.8664E+07 -2.4993E-01 -2.2434E-04  1.0512E-03  T
  2.2643E-04  9.3509E-03  2.3527E+07 -3.8679E+07 -2.4994E-01 -2.2643E-04  1.0546E-03  T
  2.2852E-04  9.3970E-03  2.3490E+07 -3.8695E+07 -2.4994E-01 -2.2852E-04  1.0581E-03  T
  2.3062E-04  9.4431E-03  2.3398E+07 -3.8710E+07 -2.4994E-01 -2.3062E-04  1.0616E-03  T
  2.3274E-04  9.4892E-03  2.3315E+07 -3.8726E+07 -2.4995E-01 -2.3274E-04  1.0650E-03  T
  2.3487E-04  9.5353E-03  2.3224E+07 -3.8741E+07 -2.4995E-01 -2.3487E-04  1.0685E-03  T
  2.3701E-04  9.5814E-03  2.3149E+07 -3.8756E+07 -2.4995E-01 -2.3701E-04  1.0719E-03  T
  2.3916E-04  9.6275E-03  2.3053E+07 -3.8772E+07 -2.4996E-01 -2.3916E-04  1.0754E-03  T
  2.4133E-04  9.6736E-03  2.2976E+07 -3.8787E+07 -2.4996E-01 -2.4133E-04  1.0789E-03  T
  2.4350E-04  9.7197E-03  2.2795E+07 -3.8803E+07 -2.4996E-01 -2.4350E-04  1.0823E-03  T
  2.4569E-04  9.7658E-03  2.2741E+07 -3.8818E+07 -2.4996E-01 -2.4569E-04  1.0858E-03  T
  2.4789E-04  9.8119E-03  2.2670E+07 -3.8833E+07 -2.4997E-01 -2.4789E-04  1.0892E-03  T
  2.5010E-04  9.8580E-03  2.2587E+07 -3.8849E+07 -2.4997E-01 -2.5010E-04  1.0927E-03  T
  2.5233E-04  9.9041E-03  2.2507E+07 -3.8864E+07 -2.4997E-01 -2.5233E-04  1.0961E-03  T
  2.5457E-04  9.9502E-03  2.2439E+07 -3.8879E+07 -2.4997E-01 -2.5457E-04  1.0996E-03  T
  2.5681E-04  9.9963E-03  2.2366E+07 -3.8895E+07 -2.4997E-01 -2.5681E-04  1.1030E-03  T
  2.5908E-04  1.0042E-02  2.2227E+07 -3.8910E+07 -2.4998E-01 -2.5908E-04  1.1065E-03  T
  2.6135E-04  1.0089E-02  2.2154E+07 -3.8925E+07 -2.4998E-01 -2.6135E-04  1.1099E-03  T
  2.6363E-04  1.0135E-02  2.1982E+07 -3.8941E+07 -2.4998E-01 -2.6363E-04  1.1134E-03  T
  2.6593E-04  1.0181E-02  2.1887E+07 -3.8956E+07 -2.4998E-01 -2.6593E-04  1.1168E-03  T
  2.6824E-04  1.0227E-02  2.1790E+07 -3.8971E+07 -2.4998E-01 -2.6824E-04  1.1203E-03  T
  2.7056E-04  1.0273E-02  2.1706E+07 -3.8987E+07 -2.4998E-01 -2.7056E-04  1.1237E-03  T
  2.7289E-04  1.0319E-02  2.1534E+07 -3.9002E+07 -2.4999E-01 -2.7289E-04  1.1272E-03  T
  2.7524E-04  1.0365E-02  2.1454E+07 -3.9017E+07 -2.4999E-01 -2.7524E-04  1.1306E-03  T
  2.7760E-04  1.0411E-02  2.1390E+07 -3.9033E+07 -2.4999E-01 -2.7760E-04  1.1341E-03  T
  2.7997E-04  1.0457E-02  2.1279E+07 -3.9048E+07 -2.4999E-01 -2.7997E-04  1.1375E-03  T
  2.8235E-04  1.0503E-02  2.1187E+07 -3.9063E+07 -2.4999E-01 -2.8235E-04  1.1409E-03  T
  2.8474E-04  1.0550E-02  2.1116E+07 -3.9078E+07 -2.4999E-01 -2.8474E-04  1.1444E-03  T
  2.8715E-04  1.0596E-02  2.1031E+07 -3.9094E+07 -2.4999E-01 -2.8715E-04  1.1478E-03  T
  2.8957E-04  1.0642E-02  2.0934E+07 -3.9109E+07 -2.4999E-01 -2.8957E-04  1.1513E-03  T
  2.9200E-04  1.0688E-02  2.0838E+07 -3.9124E+07 -2.4999E-01 -2.9200E-04  1.1547E-03  T
  2.9444E-04  1.0734E-02  2.0746E+07 -3.9139E+07 -2.4999E-01 -2.9444E-04  1.1581E-03  T
  2.9690E-04  1.0780E-02  2.0655E+07 -3.9155E+07 -2.4999E-01 -2.9690E-04  1.1616E-03  T
  2.9937E-04  1.0826E-02  2.0551E+07 -3.9170E+07 -2.4999E-01 -2.9937E-04  1.1650E-03  T
  3.0185E-04  1.0872E-02  2.0433E+07 -3.9185E+07 -2.4999E-01 -3.0185E-04  1.1684E-03  T
  3.0434E-04  1.0918E-02  2.0348E+07 -3.9200E+07 -2.5000E-01 -3.0434E-04  1.1719E-03  T
  3.0684E-04  1.0964E-02  2.0261E+07 -3.9216E+07 -2.5000E-01 -3.0684E-04  1.1753E-03  T
  3.0936E-04  1.1011E-02  2.0149E+07 -3.9231E+07 -2.5000E-01 -3.0936E-04  1.1787E-03  T
  3.1189E-04  1.1057E-02  2.0055E+07 -3.9246E+07 -2.5000E-01 -3.1189E-04  1.1821E-03  T
  3.1443E-04  1.1103E-02  1.9967E+07 -3.9261E+07 -2.5000E-01 -3.1443E-04  1.1856E-03  T
  3.1699E-04  1.1149E-02  1.9876E+07 -3.9276E+07 -2.5000E-01 -3.1699E-04  1.1890E-03  T
  3.1955E-04  1.1195E-02  1.9741E+07 -3.9292E+07 -2.5000E-01 -3.1955E-04  1.1924E-03  T
  3.2213E-04  1.1241E-02  1.9633E+07 -3.9307E+07 -2.5000E-01 -3.2213E-04  1.1958E-03  F
  3.2472E-04  1.1266E-02  1.9528E+07 -3.9315E+07 -2.5000E-01 -3.2470E-04  1.1993E-03  F
  3.2610E-04  1.1290E-02  1.9478E+07 -3.9323E+07 -2.5000E-01 -3.2607E-04  1.2011E-03  F
  3.2750E-04  1.1315E-02  1.9434E+07 -3.9331E+07 -2.5000E-01 -3.2745E-04  1.2029E-03  F
  3.2890E-04  1.1340E-02  1.9385E+07 -3.9339E+07 -2.5000E-01 -3.2884E-04  1.2047E-03  F
  3.3032E-04  1.1365E-02  1.9334E+07 -3.9348E+07 -2.5000E-01 -3.3023E-04  1.2066E-03  F
  3.3174E-04  1.1390E-02  1.9285E+07 -3.9356E+07 -2.5000E-01 -3.3164E-04  1.2084E-03  F
  3.3317E-04  1.1415E-02  1.9239E+07 -3.9364E+07 -2.5000E-01 -3.3304E-04  1.2103E-03  F
  3.3462E-04  1.1441E-02  1.9162E+07 -3.9373E+07 -2.5000E-01 -3.3446E-04  1.2122E-03  F
  3.3608E-04  1.1466E-02  1.9108E+07 -3.9381E+07 -2.5000E-01 -3.3589E-04  1.2140E-03  F
  3.3755E-04  1.1492E-02  1.9056E+07 -3.9389E+07 -2.5000E-01 -3.3732E-04  1.2159E-03  F
  3.3903E-04  1.1518E-02  1.9010E+07 -3.9398E+07 -2.5000E-01 -3.3877E-04  1.2178E-03  F
  3.4053E-04  1.1544E-02  1.8946E+07 -3.9406E+07 -2.5000E-01 -3.4023E-04  1.2197E-03  F
  3.4204E-04  1.1570E-02  1.8896E+07 -3.9415E+07 -2.5000E-01 -3.4170E-04  1.2217E-03  F
  3.4357E-04  1.1597E-02  1.8846E+07 -3.9424E+07 -2.5000E-01 -3.4318E-04  1.2236E-03  F
  3.4511E-04  1.1623E-02  1.8787E+07 -3.9433E+07 -2.5000E-01 -3.4468E-04  1.2256E-03  F
  3.4668E-04  1.1650E-02  1.8738E+07 -3.9441E+07 -2.5000E-01 -3.4619E-04  1.2275E-03  F
  3.4826E-04  1.1678E-02  1.8678E+07 -3.9450E+07 -2.5000E-01 -3.4771E-04  1.2295E-03  F
  3.4986E-04  1.1705E-02  1.8628E+07 -3.9459E+07 -2.5000E-01 -3.4925E-04  1.2316E-03  F
  3.5149E-04  1.1733E-02  1.8566E+07 -3.9469E+07 -2.5000E-01 -3.5081E-04  1.2336E-03  F
  3.5313E-04  1.1761E-02  1.8505E+07 -3.9478E+07 -2.5000E-01 -3.5239E-04  1.2356E-03  F
  3.5480E-04  1.1789E-02  1.8435E+07 -3.9487E+07 -2.5000E-01 -3.5398E-04  1.2377E-03  F
  3.5649E-04  1.1818E-02  1.8383E+07 -3.9497E+07 -2.5000E-01 -3.5560E-04  1.2398E-03  F
  3.5821E-04  1.1847E-02  1.8303E+07 -3.9506E+07 -2.5000E-01 -3.5723E-04  1.2419E-03  F
  3.5995E-04  1.1877E-02  1.8238E+07 -3.9516E+07 -2.5000E-01 -3.5889E-04  1.2441E-03  F
  3.6172E-04  1.1907E-02  1.8159E+07 -3.9526E+07 -2.5000E-01 -3.6057E-04  1.2463E-03  F
  3.6353E-04  1.1937E-02  1.8096E+07 -3.9536E+07 -2.5000E-01 -3.6228E-04  1.2485E-03  F
  3.6536E-04  1.1968E-02  1.8038E+07 -3.9546E+07 -2.5000E-01 -3.6401E-04  1.2507E-03  F
  3.6722E-04  1.1999E-02  1.7975E+07 -3.9556E+07 -2.5000E-01 -3.6576E-04  1.2530E-03  F
  3.6912E-04  1.2031E-02  1.7905E+07 -3.9566E+07 -2.5000E-01 -3.6755E-04  1.2553E-03  F
  3.7105E-04  1.2063E-02  1.7827E+07 -3.9577E+07 -2.5000E-01 -3.6936E-04  1.2576E-03  F
  3.7303E-04  1.2096E-02  1.7751E+07 -3.9588E+07 -2.5000E-01 -3.7121E-04  1.2600E-03  F
  3.7504E-04  1.2130E-02  1.7684E+07 -3.9599E+07 -2.5000E-01 -3.7308E-04  1.2624E-03  F
  3.7709E-04  1.2164E-02  1.7605E+07 -3.9610E+07 -2.5000E-01 -3.7499E-04  1.2648E-03  F
  3.7918E-04  1.2198E-02  1.7541E+07 -3.9621E+07 -2.5000E-01 -3.7694E-04  1.2673E-03  F
  3.8132E-04  1.2233E-02  1.7470E+07 -3.9632E+07 -2.5000E-01 -3.7893E-04  1.2699E-03  F
  3.8351E-04  1.2269E-02  1.7392E+07 -3.9644E+07 -2.5000E-01 -3.8095E-04  1.2725E-03  F
  3.8575E-04  1.2306E-02  1.7315E+07 -3.9656E+07 -2.5000E-01 -3.8302E-04  1.2751E-03  F
  3.8805E-04  1.2344E-02  1.7234E+07 -3.9668E+07 -2.5000E-01 -3.8513E-04  1.2778E-03  F
  3.9040E-04  1.2382E-02  1.7152E+07 -3.9681E+07 -2.5000E-01 -3.8728E-04  1.2805E-03  F
  3.9280E-04  1.2421E-02  1.7072E+07 -3.9694E+07 -2.5000E-01 -3.8948E-04  1.2833E-03  F
  3.9527E-04  1.2461E-02  1.6991E+07 -3.9707E+07 -2.5000E-01 -3.9174E-04  1.2862E-03  F
  3.9781E-04  1.2502E-02  1.6910E+07 -3.9720E+07 -2.5000E-01 -3.9405E-04  1.2891E-03  F
  4.0042E-04  1.2544E-02  1.6815E+07 -3.9734E+07 -2.5000E-01 -3.9641E-04  1.2921E-03  F
  4.0310E-04  1.2587E-02  1.6715E+07 -3.9748E+07 -2.5000E-01 -3.9884E-04  1.2952E-03  F
  4.0585E-04  1.2631E-02  1.6621E+07 -3.9762E+07 -2.5000E-01 -4.0132E-04  1.2983E-03  F
  4.0869E-04  1.2676E-02  1.6529E+07 -3.9777E+07 -2.5000E-01 -4.0387E-04  1.3016E-03  F
  4.1162E-04  1.2723E-02  1.6460E+07 -3.9792E+07 -2.5000E-01 -4.0563E-04  1.3072E-03  F
  4.1463E-04  1.2769E-02  1.6390E+07 -3.9807E+07 -2.5000E-01 -4.0744E-04  1.3130E-03  F
  4.1767E-04  1.2816E-02  1.6320E+07 -3.9822E+07 -2.5000E-01 -4.0925E-04  1.3189E-03  F
  4.2074E-04  1.2863E-02  1.6250E+07 -3.9838E+07 -2.5000E-01 -4.1107E-04  1.3247E-03  F
  4.2383E-04  1.2910E-02  1.6181E+07 -3.9853E+07 -2.5000E-01 -4.1290E-04  1.3306E-03  F
  4.2695E-04  1.2958E-02  1.6111E+07 -3.9868E+07 -2.5000E-01 -4.1474E-04  1.3366E-03  F
  4.3009E-04  1.3005E-02  1.6042E+07 -3.9884E+07 -2.5000E-01 -4.1658E-04  1.3425E-03  F
  4.3325E-04  1.3053E-02  1.5973E+07 -3.9899E+07 -2.5000E-01 -4.1844E-04  1.3485E-03  F
  4.3644E-04  1.3101E-02  1.5904E+07 -3.9915E+07 -2.5000E-01 -4.2030E-04  1.3545E-03  F
  4.3966E-04  1.3149E-02  1.5836E+07 -3.9931E+07 -2.5000E-01 -4.2217E-04  1.3605E-03  F
  4.4290E-04  1.3197E-02  1.5445E+07 -3.9946E+07 -2.5000E-01 -4.3404E-04  1.3392E-03  F
  4.4617E-04  1.3252E-02  1.5377E+07 -3.9964E+07 -2.5000E-01 -4.3597E-04  1.3452E-03  F
  4.4994E-04  1.3308E-02  1.5299E+07 -3.9982E+07 -2.5000E-01 -4.3818E-04  1.3520E-03  F
  4.5373E-04  1.3364E-02  1.5222E+07 -4.0000E+07 -2.5000E-01 -4.4041E-04  1.3589E-03  F
  4.5757E-04  1.3420E-02  1.5145E+07 -4.0018E+07 -2.5000E-01 -4.4265E-04  1.3658E-03  F
  4.6143E-04  1.3476E-02  1.5069E+07 -4.0037E+07 -2.5000E-01 -4.4490E-04  1.3727E-03  F
  4.6534E-04  1.3532E-02  1.4993E+07 -4.0055E+07 -2.5000E-01 -4.4716E-04  1.3797E-03  F
  4.6928E-04  1.3589E-02  1.4918E+07 -4.0073E+07 -2.5000E-01 -4.4943E-04  1.3867E-03  F
  4.7326E-04  1.3646E-02  1.4844E+07 -4.0092E+07 -2.5000E-01 -4.5171E-04  1.3938E-03  F
  4.7727E-04  1.3704E-02  1.4770E+07 -4.0110E+07 -2.5000E-01 -4.5400E-04  1.4008E-03  F
  4.8132E-04  1.3761E-02  1.4697E+07 -4.0129E+07 -2.5000E-01 -4.5631E-04  1.4080E-03  F
  4.8541E-04  1.3819E-02  1.4149E+07 -4.0147E+07 -2.5000E-01 -4.7008E-04  1.3834E-03  F
  4.8954E-04  1.3876E-02  1.4074E+07 -4.0166E+07 -2.5000E-01 -4.7247E-04  1.3904E-03  F
  4.9366E-04  1.3934E-02  1.4001E+07 -4.0184E+07 -2.5000E-01 -4.7484E-04  1.3974E-03  F
  4.9782E-04  1.3992E-02  1.3928E+07 -4.0203E+07 -2.5000E-01 -4.7722E-04  1.4044E-03  F
  5.0202E-04  1.4050E-02  1.3856E+07 -4.0222E+07 -2.5000E-01 -4.7962E-04  1.4115E-03  F
  5.0626E-04  1.4109E-02  1.3785E+07 -4.0241E+07 -2.5000E-01 -4.8203E-04  1.4186E-03  F
  5.1054E-04  1.4167E-02  1.3714E+07 -4.0260E+07 -2.5000E-01 -4.8445E-04  1.4257E-03  F
  5.1486E-04  1.4226E-02  1.3644E+07 -4.0279E+07 -2.5000E-01 -4.8689E-04  1.4329E-03  F
  5.1922E-04  1.4286E-02  1.3574E+07 -4.0298E+07 -2.5000E-01 -4.8933E-04  1.4401E-03  F
  5.2362E-04  1.4345E-02  1.3504E+07 -4.0317E+07 -2.5000E-01 -4.9179E-04  1.4473E-03  F
  5.2806E-04  1.4405E-02  1.3435E+07 -4.0336E+07 -2.5000E-01 -4.9426E-04  1.4546E-03  F
  5.3254E-04  1.4465E-02  1.2830E+07 -4.0355E+07 -2.5000E-01 -5.0835E-04  1.4294E-03  F
  5.3706E-04  1.4525E-02  1.2760E+07 -4.0374E+07 -2.5000E-01 -5.1090E-04  1.4366E-03  F
  5.4158E-04  1.4585E-02  1.2692E+07 -4.0394E+07 -2.5000E-01 -5.1344E-04  1.4437E-03  F
  5.4615E-04  1.4645E-02  1.2623E+07 -4.0413E+07 -2.5000E-01 -5.1599E-04  1.4509E-03  F
  5.5075E-04  1.4706E-02  1.2556E+07 -4.0432E+07 -2.5000E-01 -5.1856E-04  1.4581E-03  F
  5.5540E-04  1.4766E-02  1.2488E+07 -4.0452E+07 -2.5000E-01 -5.2113E-04  1.4654E-03  F
  5.6009E-04  1.4827E-02  1.2420E+07 -4.0471E+07 -2.5000E-01 -5.2372E-04  1.4726E-03  F
  5.6483E-04  1.4889E-02  1.2353E+07 -4.0491E+07 -2.5000E-01 -5.2633E-04  1.4800E-03  F
  5.6961E-04  1.4951E-02  1.2286E+07 -4.0511E+07 -2.5000E-01 -5.2894E-04  1.4873E-03  F
  5.7443E-04  1.5013E-02  1.2219E+07 -4.0531E+07 -2.5000E-01 -5.3157E-04  1.4947E-03  F
  5.7930E-04  1.5075E-02  1.2153E+07 -4.0550E+07 -2.5000E-01 -5.3421E-04  1.5021E-03  F
  5.8422E-04  1.5137E-02  1.1524E+07 -4.0570E+07 -2.5000E-01 -5.4849E-04  1.4767E-03  F
  5.8919E-04  1.5200E-02  1.1458E+07 -4.0590E+07 -2.5000E-01 -5.5122E-04  1.4841E-03  F
  5.9415E-04  1.5262E-02  1.1392E+07 -4.0610E+07 -2.5000E-01 -5.5393E-04  1.4914E-03  F
  5.9915E-04  1.5325E-02  1.1327E+07 -4.0630E+07 -2.5000E-01 -5.5665E-04  1.4987E-03  F
  6.0421E-04  1.5388E-02  1.1262E+07 -4.0650E+07 -2.5000E-01 -5.5939E-04  1.5061E-03  F
  6.0931E-04  1.5451E-02  1.1197E+07 -4.0670E+07 -2.5000E-01 -5.6214E-04  1.5135E-03  F
  6.1446E-04  1.5515E-02  1.1132E+07 -4.0691E+07 -2.5000E-01 -5.6491E-04  1.5209E-03  F
  6.1966E-04  1.5579E-02  1.1068E+07 -4.0711E+07 -2.5000E-01 -5.6768E-04  1.5284E-03  F
  6.2491E-04  1.5643E-02  1.1004E+07 -4.0731E+07 -2.5000E-01 -5.7048E-04  1.5359E-03  F
  6.3021E-04  1.5708E-02  1.0940E+07 -4.0752E+07 -2.5000E-01 -5.7328E-04  1.5435E-03  F
  6.3556E-04  1.5773E-02  1.0876E+07 -4.0773E+07 -2.5000E-01 -5.7610E-04  1.5511E-03  F
  6.4096E-04  1.5838E-02  1.0218E+07 -4.0793E+07 -2.5000E-01 -5.9097E-04  1.5254E-03  F
  6.4641E-04  1.5903E-02  1.0154E+07 -4.0814E+07 -2.5000E-01 -5.9388E-04  1.5329E-03  F
  6.5186E-04  1.5968E-02  1.0091E+07 -4.0835E+07 -2.5000E-01 -5.9677E-04  1.5404E-03  F
  6.5737E-04  1.6034E-02  1.0029E+07 -4.0855E+07 -2.5000E-01 -5.9967E-04  1.5479E-03  F
  6.6292E-04  1.6100E-02  9.9664E+06 -4.0876E+07 -2.5000E-01 -6.0259E-04  1.5554E-03  F
  6.6853E-04  1.6166E-02  9.9043E+06 -4.0897E+07 -2.5000E-01 -6.0552E-04  1.5630E-03  F
  6.7419E-04  1.6233E-02  9.8424E+06 -4.0918E+07 -2.5000E-01 -6.0847E-04  1.5706E-03  F
  6.7991E-04  1.6299E-02  9.7808E+06 -4.0939E+07 -2.5000E-01 -6.1143E-04  1.5783E-03  F
  6.8568E-04  1.6367E-02  9.7194E+06 -4.0961E+07 -2.5000E-01 -6.1441E-04  1.5859E-03  F
  6.9151E-04  1.6434E-02  9.6583E+06 -4.0982E+07 -2.5000E-01 -6.1740E-04  1.5937E-03  F
  6.9739E-04  1.6502E-02  9.5974E+06 -4.1003E+07 -2.5000E-01 -6.2041E-04  1.6014E-03  F
  7.0333E-04  1.6570E-02  8.9354E+06 -4.1025E+07 -2.5000E-01 -6.3598E-04  1.5755E-03  F
  7.0933E-04  1.6638E-02  8.8741E+06 -4.1046E+07 -2.5000E-01 -6.3907E-04  1.5832E-03  F
  7.1533E-04  1.6706E-02  8.8137E+06 -4.1068E+07 -2.5000E-01 -6.4216E-04  1.5909E-03  F
  7.2139E-04  1.6775E-02  8.7535E+06 -4.1089E+07 -2.5000E-01 -6.4525E-04  1.5985E-03  F
  7.2750E-04  1.6844E-02  8.6936E+06 -4.1111E+07 -2.5000E-01 -6.4836E-04  1.6062E-03  F
  7.3368E-04  1.6913E-02  8.6340E+06 -4.1133E+07 -2.5000E-01 -6.5149E-04  1.6140E-03  F
  7.3991E-04  1.6983E-02  8.5746E+06 -4.1154E+07 -2.5000E-01 -6.5463E-04  1.6218E-03  F
  7.4621E-04  1.7053E-02  8.5156E+06 -4.1176E+07 -2.5000E-01 -6.5779E-04  1.6296E-03  F
  7.5256E-04  1.7123E-02  8.4567E+06 -4.1199E+07 -2.5000E-01 -6.6096E-04  1.6374E-03  F
  7.5898E-04  1.7194E-02  8.3982E+06 -4.1221E+07 -2.5000E-01 -6.6414E-04  1.6453E-03  F
  7.6546E-04  1.7265E-02  8.3399E+06 -4.1243E+07 -2.5000E-01 -6.6735E-04  1.6533E-03  F
  7.7201E-04  1.7336E-02  7.6854E+06 -4.1265E+07 -2.5000E-01 -6.8332E-04  1.6271E-03  F
  7.7862E-04  1.7407E-02  7.6269E+06 -4.1288E+07 -2.5000E-01 -6.8662E-04  1.6350E-03  F
  7.8523E-04  1.7479E-02  7.5691E+06 -4.1310E+07 -2.5000E-01 -6.8989E-04  1.6428E-03  F
  7.9191E-04  1.7550E-02  7.5116E+06 -4.1332E+07 -2.5000E-01 -6.9319E-04  1.6506E-03  F
  7.9865E-04  1.7623E-02  7.4545E+06 -4.1355E+07 -2.5000E-01 -6.9650E-04  1.6585E-03  F
  8.0546E-04  1.7695E-02  7.3976E+06 -4.1378E+07 -2.5000E-01 -6.9983E-04  1.6665E-03  F
  8.1233E-04  1.7768E-02  7.3410E+06 -4.1400E+07 -2.5000E-01 -7.0317E-04  1.6744E-03  F
  8.1928E-04  1.7842E-02  7.2847E+06 -4.1423E+07 -2.5000E-01 -7.0653E-04  1.6824E-03  F
  8.2629E-04  1.7915E-02  7.2286E+06 -4.1446E+07 -2.5000E-01 -7.0990E-04  1.6904E-03  F
  8.3337E-04  1.7990E-02  7.1729E+06 -4.1469E+07 -2.5000E-01 -7.1329E-04  1.6985E-03  F
  8.4052E-04  1.8064E-02  7.1174E+06 -4.1493E+07 -2.5000E-01 -7.1670E-04  1.7066E-03  F
  8.4774E-04  1.8139E-02  6.4967E+06 -4.1516E+07 -2.5000E-01 -7.3309E-04  1.6803E-03  F
  8.5503E-04  1.8214E-02  6.4412E+06 -4.1539E+07 -2.5000E-01 -7.3659E-04  1.6883E-03  F
  8.6233E-04  1.8289E-02  6.3865E+06 -4.1562E+07 -2.5000E-01 -7.4008E-04  1.6963E-03  F
  8.6971E-04  1.8364E-02  6.3321E+06 -4.1586E+07 -2.5000E-01 -7.4358E-04  1.7043E-03  F
  8.7715E-04  1.8440E-02  6.2780E+06 -4.1609E+07 -2.5000E-01 -7.4710E-04  1.7124E-03  F
  8.8468E-04  1.8516E-02  6.2243E+06 -4.1633E+07 -2.5000E-01 -7.5063E-04  1.7205E-03  F
  8.9227E-04  1.8593E-02  6.1708E+06 -4.1657E+07 -2.5000E-01 -7.5419E-04  1.7286E-03  F
  8.9994E-04  1.8670E-02  6.1177E+06 -4.1681E+07 -2.5000E-01 -7.5776E-04  1.7368E-03  F
  9.0769E-04  1.8748E-02  6.0649E+06 -4.1704E+07 -2.5000E-01 -7.6134E-04  1.7450E-03  F
  9.1552E-04  1.8826E-02  6.0124E+06 -4.1729E+07 -2.5000E-01 -7.6495E-04  1.7533E-03  F
  9.2342E-04  1.8904E-02  5.9602E+06 -4.1753E+07 -2.5000E-01 -7.6857E-04  1.7616E-03  F
  9.3140E-04  1.8983E-02  5.3910E+06 -4.1777E+07 -2.5000E-01 -7.8537E-04  1.7350E-03  F
  9.3947E-04  1.9061E-02  5.3394E+06 -4.1801E+07 -2.5000E-01 -7.8909E-04  1.7432E-03  F
  9.4754E-04  1.9140E-02  5.2885E+06 -4.1826E+07 -2.5000E-01 -7.9279E-04  1.7514E-03  F
  9.5570E-04  1.9220E-02  5.2380E+06 -4.1850E+07 -2.5000E-01 -7.9651E-04  1.7596E-03  F
  9.6394E-04  1.9300E-02  5.1878E+06 -4.1875E+07 -2.5000E-01 -8.0025E-04  1.7679E-03  F
  9.7226E-04  1.9380E-02  5.1379E+06 -4.1899E+07 -2.5000E-01 -8.0400E-04  1.7762E-03  F
  9.8067E-04  1.9461E-02  5.0884E+06 -4.1924E+07 -2.5000E-01 -8.0778E-04  1.7845E-03  F
  9.8916E-04  1.9542E-02  5.0393E+06 -4.1949E+07 -2.5000E-01 -8.1157E-04  1.7929E-03  F
  9.9774E-04  1.9624E-02  4.9905E+06 -4.1974E+07 -2.5000E-01 -8.1537E-04  1.8013E-03  F
  1.0064E-03  1.9706E-02  4.9420E+06 -4.1999E+07 -2.5000E-01 -8.1920E-04  1.8097E-03  F
  1.0152E-03  1.9788E-02  4.8938E+06 -4.2025E+07 -2.5000E-01 -8.2304E-04  1.8182E-03  F
  1.0240E-03  1.9871E-02  4.3948E+06 -4.2050E+07 -2.5000E-01 -8.4027E-04  1.7914E-03  F
  1.0329E-03  1.9954E-02  4.3478E+06 -4.2076E+07 -2.5000E-01 -8.4421E-04  1.7998E-03  F
  1.0419E-03  2.0038E-02  4.3016E+06 -4.2101E+07 -2.5000E-01 -8.4814E-04  1.8082E-03  F
  1.0509E-03  2.0121E-02  4.2557E+06 -4.2127E+07 -2.5000E-01 -8.5208E-04  1.8166E-03  F
  1.0601E-03  2.0206E-02  4.2102E+06 -4.2152E+07 -2.5000E-01 -8.5605E-04  1.8250E-03  F
  1.0693E-03  2.0291E-02  4.1651E+06 -4.2178E+07 -2.5000E-01 -8.6003E-04  1.8335E-03  F
  1.0786E-03  2.0376E-02  4.1203E+06 -4.2204E+07 -2.5000E-01 -8.6403E-04  1.8420E-03  F
  1.0880E-03  2.0462E-02  4.0759E+06 -4.2230E+07 -2.5000E-01 -8.6805E-04  1.8506E-03  F
  1.0976E-03  2.0548E-02  4.0318E+06 -4.2257E+07 -2.5000E-01 -8.7209E-04  1.8592E-03  F
  1.1072E-03  2.0635E-02  3.9881E+06 -4.2283E+07 -2.5000E-01 -8.7614E-04  1.8679E-03  F
  1.1169E-03  2.0722E-02  3.9448E+06 -4.2309E+07 -2.5000E-01 -8.8022E-04  1.8766E-03  F
  1.1267E-03  2.0810E-02  3.5242E+06 -4.2336E+07 -2.5000E-01 -8.9788E-04  1.8495E-03  F
  1.1366E-03  2.0897E-02  3.4825E+06 -4.2363E+07 -2.5000E-01 -9.0205E-04  1.8581E-03  F
  1.1466E-03  2.0986E-02  3.4415E+06 -4.2389E+07 -2.5000E-01 -9.0622E-04  1.8666E-03  F
  1.1566E-03  2.1074E-02  3.4010E+06 -4.2416E+07 -2.5000E-01 -9.1040E-04  1.8752E-03  F
  1.1668E-03  2.1164E-02  3.3608E+06 -4.2443E+07 -2.5000E-01 -9.1460E-04  1.8839E-03  F
  1.1770E-03  2.1253E-02  3.3210E+06 -4.2470E+07 -2.5000E-01 -9.1882E-04  1.8926E-03  F
  1.1874E-03  2.1344E-02  3.2815E+06 -4.2498E+07 -2.5000E-01 -9.2306E-04  1.9013E-03  F
  1.1979E-03  2.1434E-02  3.2424E+06 -4.2525E+07 -2.5000E-01 -9.2731E-04  1.9101E-03  F
  1.2085E-03  2.1526E-02  3.2037E+06 -4.2553E+07 -2.5000E-01 -9.3159E-04  1.9189E-03  F
  1.2192E-03  2.1618E-02  3.1653E+06 -4.2580E+07 -2.5000E-01 -9.3589E-04  1.9278E-03  F
  1.2300E-03  2.1710E-02  3.1273E+06 -4.2608E+07 -2.5000E-01 -9.4021E-04  1.9366E-03  F
  1.2409E-03  2.1803E-02  2.7877E+06 -4.2636E+07 -2.5000E-01 -9.5830E-04  1.9093E-03  F
  1.2520E-03  2.1896E-02  2.7517E+06 -4.2664E+07 -2.5000E-01 -9.6272E-04  1.9181E-03  F
  1.2630E-03  2.1990E-02  2.7164E+06 -4.2692E+07 -2.5000E-01 -9.6713E-04  1.9269E-03  F
  1.2742E-03  2.2084E-02  2.6815E+06 -4.2720E+07 -2.5000E-01 -9.7156E-04  1.9357E-03  F
  1.2855E-03  2.2179E-02  2.6469E+06 -4.2749E+07 -2.5000E-01 -9.7600E-04  1.9446E-03  F
  1.2970E-03  2.2274E-02  2.6127E+06 -4.2777E+07 -2.5000E-01 -9.8047E-04  1.9535E-03  F
  1.3085E-03  2.2370E-02  2.5788E+06 -4.2806E+07 -2.5000E-01 -9.8496E-04  1.9624E-03  F
  1.3202E-03  2.2466E-02  2.5453E+06 -4.2835E+07 -2.5000E-01 -9.8946E-04  1.9714E-03  F
  1.3320E-03  2.2563E-02  2.5122E+06 -4.2864E+07 -2.5000E-01 -9.9399E-04  1.9804E-03  F
  1.3440E-03  2.2661E-02  2.4794E+06 -4.2893E+07 -2.5000E-01 -9.9854E-04  1.9895E-03  F
  1.3560E-03  2.2760E-02  2.4470E+06 -4.2922E+07 -2.5000E-01 -1.0031E-03  1.9986E-03  F
  1.3682E-03  2.2859E-02  2.1802E+06 -4.2952E+07 -2.5000E-01 -1.0217E-03  1.9710E-03  F
  1.3806E-03  2.2957E-02  2.1499E+06 -4.2981E+07 -2.5000E-01 -1.0263E-03  1.9800E-03  F
  1.3929E-03  2.3057E-02  2.1201E+06 -4.3011E+07 -2.5000E-01 -1.0310E-03  1.9890E-03  F
  1.4054E-03  2.3157E-02  2.0907E+06 -4.3040E+07 -2.5000E-01 -1.0357E-03  1.9980E-03  F
  1.4181E-03  2.3258E-02  2.0617E+06 -4.3070E+07 -2.5000E-01 -1.0404E-03  2.0071E-03  F
  1.4309E-03  2.3360E-02  2.0330E+06 -4.3100E+07 -2.5000E-01 -1.0451E-03  2.0162E-03  F
  1.4438E-03  2.3462E-02  2.0046E+06 -4.3131E+07 -2.5000E-01 -1.0498E-03  2.0254E-03  F
  1.4568E-03  2.3565E-02  1.9765E+06 -4.3161E+07 -2.5000E-01 -1.0546E-03  2.0346E-03  F
  1.4701E-03  2.3668E-02  1.9488E+06 -4.3192E+07 -2.5000E-01 -1.0594E-03  2.0438E-03  F
  1.4834E-03  2.3772E-02  1.9214E+06 -4.3222E+07 -2.5000E-01 -1.0642E-03  2.0531E-03  F
  1.4969E-03  2.3877E-02  1.8943E+06 -4.3253E+07 -2.5000E-01 -1.0690E-03  2.0624E-03  F
  1.5106E-03  2.3983E-02  1.6911E+06 -4.3284E+07 -2.5000E-01 -1.0880E-03  2.0345E-03  F
  1.5244E-03  2.4089E-02  1.6660E+06 -4.3316E+07 -2.5000E-01 -1.0930E-03  2.0438E-03  F
  1.5383E-03  2.4195E-02  1.6414E+06 -4.3347E+07 -2.5000E-01 -1.0979E-03  2.0530E-03  F
  1.5523E-03  2.4302E-02  1.6172E+06 -4.3378E+07 -2.5000E-01 -1.1029E-03  2.0622E-03  F
  1.5665E-03  2.4410E-02  1.5932E+06 -4.3410E+07 -2.5000E-01 -1.1078E-03  2.0715E-03  F
  1.5808E-03  2.4518E-02  1.5695E+06 -4.3442E+07 -2.5000E-01 -1.1128E-03  2.0809E-03  F
  1.5953E-03  2.4628E-02  1.5462E+06 -4.3474E+07 -2.5000E-01 -1.1178E-03  2.0902E-03  F
  1.6100E-03  2.4738E-02  1.5231E+06 -4.3506E+07 -2.5000E-01 -1.1229E-03  2.0997E-03  F
  1.6248E-03  2.4849E-02  1.5003E+06 -4.3538E+07 -2.5000E-01 -1.1279E-03  2.1091E-03  F
  1.6398E-03  2.4960E-02  1.4778E+06 -4.3571E+07 -2.5000E-01 -1.1330E-03  2.1186E-03  F
  1.6550E-03  2.5073E-02  1.4556E+06 -4.3603E+07 -2.5000E-01 -1.1381E-03  2.1282E-03  F
  1.6703E-03  2.5186E-02  1.3019E+06 -4.3636E+07 -2.5000E-01 -1.1576E-03  2.1001E-03  F
  1.6859E-03  2.5299E-02  1.2814E+06 -4.3669E+07 -2.5000E-01 -1.1628E-03  2.1095E-03  F
  1.7015E-03  2.5413E-02  1.2614E+06 -4.3702E+07 -2.5000E-01 -1.1680E-03  2.1190E-03  F
  1.7172E-03  2.5528E-02  1.2417E+06 -4.3736E+07 -2.5000E-01 -1.1732E-03  2.1284E-03  F
  1.7332E-03  2.5644E-02  1.2222E+06 -4.3769E+07 -2.5000E-01 -1.1785E-03  2.1380E-03  F
  1.7494E-03  2.5760E-02  1.2030E+06 -4.3803E+07 -2.5000E-01 -1.1837E-03  2.1475E-03  F
  1.7657E-03  2.5878E-02  1.1840E+06 -4.3837E+07 -2.5000E-01 -1.1890E-03  2.1571E-03  F
  1.7822E-03  2.5996E-02  1.1653E+06 -4.3871E+07 -2.5000E-01 -1.1944E-03  2.1668E-03  F
  1.7989E-03  2.6115E-02  1.1469E+06 -4.3905E+07 -2.5000E-01 -1.1997E-03  2.1765E-03  F
  1.8159E-03  2.6235E-02  1.1287E+06 -4.3940E+07 -2.5000E-01 -1.2051E-03  2.1862E-03  F
  1.8330E-03  2.6356E-02  1.1107E+06 -4.3975E+07 -2.5000E-01 -1.2105E-03  2.1960E-03  F
  1.8503E-03  2.6478E-02  9.9626E+05 -4.4010E+07 -2.5000E-01 -1.2304E-03  2.1676E-03  F
  1.8679E-03  2.6600E-02  9.7982E+05 -4.4045E+07 -2.5000E-01 -1.2359E-03  2.1773E-03  F
  1.8855E-03  2.6723E-02  9.6372E+05 -4.4080E+07 -2.5000E-01 -1.2414E-03  2.1870E-03  F
  1.9033E-03  2.6846E-02  9.4786E+05 -4.4115E+07 -2.5000E-01 -1.2469E-03  2.1967E-03  F
  1.9212E-03  2.6969E-02  9.3233E+05 -4.4150E+07 -2.5000E-01 -1.2524E-03  2.2064E-03  F
  1.9392E-03  2.7092E-02  9.1712E+05 -4.4185E+07 -2.5000E-01 -1.2579E-03  2.2160E-03  F
  1.9573E-03  2.7215E-02  9.0223E+05 -4.4220E+07 -2.5000E-01 -1.2634E-03  2.2257E-03  F
  1.9755E-03  2.7338E-02  8.8765E+05 -4.4256E+07 -2.5000E-01 -1.2688E-03  2.2353E-03  F
  1.9938E-03  2.7461E-02  8.7336E+05 -4.4291E+07 -2.5000E-01 -1.2742E-03  2.2448E-03  F
  2.0121E-03  2.7585E-02  8.5937E+05 -4.4326E+07 -2.5000E-01 -1.2797E-03  2.2544E-03  F
  2.0306E-03  2.7708E-02  8.4565E+05 -4.4361E+07 -2.5000E-01 -1.2851E-03  2.2639E-03  F
  2.0491E-03  2.7832E-02  7.6363E+05 -4.4396E+07 -2.5000E-01 -1.3049E-03  2.2357E-03  F
  2.0677E-03  2.7956E-02  7.5124E+05 -4.4431E+07 -2.5000E-01 -1.3103E-03  2.2450E-03  F
  2.0865E-03  2.8080E-02  7.3905E+05 -4.4466E+07 -2.5000E-01 -1.3158E-03  2.2543E-03  F
  2.1054E-03  2.8205E-02  7.2711E+05 -4.4501E+07 -2.5000E-01 -1.3212E-03  2.2636E-03  F
  2.1244E-03  2.8329E-02  7.1541E+05 -4.4536E+07 -2.5000E-01 -1.3266E-03  2.2729E-03  F
  2.1435E-03  2.8454E-02  7.0395E+05 -4.4571E+07 -2.5000E-01 -1.3320E-03  2.2822E-03  F
  2.1627E-03  2.8579E-02  6.9272E+05 -4.4606E+07 -2.5000E-01 -1.3374E-03  2.2914E-03  F
  2.1820E-03  2.8704E-02  6.8171E+05 -4.4641E+07 -2.5000E-01 -1.3428E-03  2.3006E-03  F
  2.2013E-03  2.8829E-02  6.7091E+05 -4.4676E+07 -2.5000E-01 -1.3481E-03  2.3098E-03  F
  2.2208E-03  2.8954E-02  6.6033E+05 -4.4712E+07 -2.5000E-01 -1.3535E-03  2.3190E-03  F
  2.2404E-03  2.9080E-02  6.4996E+05 -4.4747E+07 -2.5000E-01 -1.3588E-03  2.3281E-03  F
  2.2600E-03  2.9205E-02  5.9249E+05 -4.4782E+07 -2.5000E-01 -1.3778E-03  2.3015E-03  F
  2.2798E-03  2.9331E-02  5.8307E+05 -4.4817E+07 -2.5000E-01 -1.3832E-03  2.3104E-03  F
  2.2998E-03  2.9458E-02  5.7380E+05 -4.4852E+07 -2.5000E-01 -1.3886E-03  2.3194E-03  F
  2.3198E-03  2.9584E-02  5.6471E+05 -4.4887E+07 -2.5000E-01 -1.3939E-03  2.3284E-03  F
  2.3399E-03  2.9711E-02  5.5579E+05 -4.4922E+07 -2.5000E-01 -1.3993E-03  2.3373E-03  F
  2.3602E-03  2.9838E-02  5.4705E+05 -4.4958E+07 -2.5000E-01 -1.4046E-03  2.3462E-03  F
  2.3805E-03  2.9965E-02  5.3848E+05 -4.4993E+07 -2.5000E-01 -1.4099E-03  2.3551E-03  F
  2.4010E-03  3.0092E-02  5.3007E+05 -4.5028E+07 -2.5000E-01 -1.4152E-03  2.3639E-03  F
  2.4216E-03  3.0220E-02  5.2182E+05 -4.5063E+07 -2.5000E-01 -1.4205E-03  2.3728E-03  F
  2.4422E-03  3.0347E-02  5.1373E+05 -4.5098E+07 -2.5000E-01 -1.4258E-03  2.3816E-03  F
  2.4630E-03  3.0475E-02  5.0579E+05 -4.5133E+07 -2.5000E-01 -1.4311E-03  2.3904E-03  F
  2.4839E-03  3.0603E-02  4.6458E+05 -4.5169E+07 -2.5000E-01 -1.4493E-03  2.3652E-03  F
  2.5049E-03  3.0732E-02  4.5734E+05 -4.5204E+07 -2.5000E-01 -1.4546E-03  2.3738E-03  F
  2.5261E-03  3.0860E-02  4.5020E+05 -4.5239E+07 -2.5000E-01 -1.4599E-03  2.3824E-03  F
  2.5473E-03  3.0989E-02  4.4321E+05 -4.5275E+07 -2.5000E-01 -1.4652E-03  2.3910E-03  F
  2.5687E-03  3.1119E-02  4.3634E+05 -4.5310E+07 -2.5000E-01 -1.4704E-03  2.3996E-03  F
  2.5902E-03  3.1248E-02  4.2960E+05 -4.5345E+07 -2.5000E-01 -1.4757E-03  2.4082E-03  F
  2.6118E-03  3.1378E-02  4.2299E+05 -4.5381E+07 -2.5000E-01 -1.4809E-03  2.4167E-03  F
  2.6336E-03  3.1508E-02  4.1650E+05 -4.5416E+07 -2.5000E-01 -1.4862E-03  2.4253E-03  F
  2.6554E-03  3.1638E-02  4.1013E+05 -4.5451E+07 -2.5000E-01 -1.4914E-03  2.4338E-03  F
  2.6774E-03  3.1769E-02  4.0387E+05 -4.5487E+07 -2.5000E-01 -1.4966E-03  2.4423E-03  F
  2.6995E-03  3.1899E-02  3.9773E+05 -4.5522E+07 -2.5000E-01 -1.5018E-03  2.4507E-03  F
  2.7216E-03  3.2030E-02  3.6769E+05 -4.5558E+07 -2.5000E-01 -1.5193E-03  2.4268E-03  F
  2.7440E-03  3.2162E-02  3.6206E+05 -4.5593E+07 -2.5000E-01 -1.5245E-03  2.4351E-03  F
  2.7665E-03  3.2294E-02  3.5652E+05 -4.5629E+07 -2.5000E-01 -1.5297E-03  2.4435E-03  F
  2.7891E-03  3.2426E-02  3.5107E+05 -4.5664E+07 -2.5000E-01 -1.5349E-03  2.4518E-03  F
  2.8118E-03  3.2558E-02  3.4573E+05 -4.5700E+07 -2.5000E-01 -1.5401E-03  2.4601E-03  F
  2.8347E-03  3.2691E-02  3.4048E+05 -4.5736E+07 -2.5000E-01 -1.5453E-03  2.4683E-03  F
  2.8576E-03  3.2823E-02  3.3532E+05 -4.5771E+07 -2.5000E-01 -1.5505E-03  2.4766E-03  F
  2.8807E-03  3.2957E-02  3.3026E+05 -4.5807E+07 -2.5000E-01 -1.5556E-03  2.4848E-03  F
  2.9040E-03  3.3090E-02  3.2529E+05 -4.5843E+07 -2.5000E-01 -1.5607E-03  2.4930E-03  F
  2.9273E-03  3.3224E-02  3.2040E+05 -4.5878E+07 -2.5000E-01 -1.5659E-03  2.5012E-03  F
  2.9508E-03  3.3358E-02  3.1560E+05 -4.5914E+07 -2.5000E-01 -1.5710E-03  2.5093E-03  F
  2.9744E-03  3.3492E-02  2.9328E+05 -4.5950E+07 -2.5000E-01 -1.5879E-03  2.4866E-03  F
  2.9981E-03  3.3627E-02  2.8886E+05 -4.5986E+07 -2.5000E-01 -1.5930E-03  2.4947E-03  F
  3.0221E-03  3.3762E-02  2.8451E+05 -4.6022E+07 -2.5000E-01 -1.5981E-03  2.5027E-03  F
  3.0461E-03  3.3898E-02  2.8023E+05 -4.6058E+07 -2.5000E-01 -1.6032E-03  2.5107E-03  F
  3.0703E-03  3.4034E-02  2.7603E+05 -4.6094E+07 -2.5000E-01 -1.6083E-03  2.5187E-03  F
  3.0946E-03  3.4170E-02  2.7190E+05 -4.6129E+07 -2.5000E-01 -1.6134E-03  2.5266E-03  F
  3.1191E-03  3.4307E-02  2.6785E+05 -4.6165E+07 -2.5000E-01 -1.6185E-03  2.5346E-03  F
  3.1437E-03  3.4443E-02  2.6386E+05 -4.6202E+07 -2.5000E-01 -1.6235E-03  2.5425E-03  F
  3.1684E-03  3.4581E-02  2.5994E+05 -4.6238E+07 -2.5000E-01 -1.6286E-03  2.5504E-03  F
  3.1933E-03  3.4718E-02  2.5609E+05 -4.6274E+07 -2.5000E-01 -1.6336E-03  2.5583E-03  F
  3.2183E-03  3.4856E-02  2.5231E+05 -4.6310E+07 -2.5000E-01 -1.6387E-03  2.5662E-03  F
  3.2434E-03  3.4994E-02  2.3556E+05 -4.6346E+07 -2.5000E-01 -1.6549E-03  2.5446E-03  F
  3.2687E-03  3.5133E-02  2.3206E+05 -4.6382E+07 -2.5000E-01 -1.6599E-03  2.5524E-03  F
  3.2942E-03  3.5272E-02  2.2861E+05 -4.6419E+07 -2.5000E-01 -1.6650E-03  2.5601E-03  F
  3.3198E-03  3.5412E-02  2.2522E+05 -4.6455E+07 -2.5000E-01 -1.6700E-03  2.5678E-03  F
  3.3455E-03  3.5552E-02  2.2189E+05 -4.6491E+07 -2.5000E-01 -1.6750E-03  2.5755E-03  F
  3.3714E-03  3.5692E-02  2.1862E+05 -4.6528E+07 -2.5000E-01 -1.6800E-03  2.5832E-03  F
  3.3975E-03  3.5833E-02  2.1540E+05 -4.6564E+07 -2.5000E-01 -1.6850E-03  2.5909E-03  F
  3.4237E-03  3.5974E-02  2.1223E+05 -4.6601E+07 -2.5000E-01 -1.6900E-03  2.5985E-03  F
  3.4500E-03  3.6115E-02  2.0912E+05 -4.6637E+07 -2.5000E-01 -1.6949E-03  2.6062E-03  F
  3.4765E-03  3.6257E-02  2.0605E+05 -4.6674E+07 -2.5000E-01 -1.6999E-03  2.6138E-03  F
  3.5031E-03  3.6399E-02  2.0304E+05 -4.6710E+07 -2.5000E-01 -1.7048E-03  2.6214E-03  F
  3.5299E-03  3.6542E-02  1.9038E+05 -4.6747E+07 -2.5000E-01 -1.7204E-03  2.6009E-03  F
  3.5568E-03  3.6685E-02  1.8759E+05 -4.6783E+07 -2.5000E-01 -1.7253E-03  2.6084E-03  F
  3.5840E-03  3.6829E-02  1.8483E+05 -4.6820E+07 -2.5000E-01 -1.7303E-03  2.6158E-03  F
  3.6113E-03  3.6973E-02  1.8212E+05 -4.6857E+07 -2.5000E-01 -1.7352E-03  2.6233E-03  F
  3.6388E-03  3.7117E-02  1.7946E+05 -4.6894E+07 -2.5000E-01 -1.7401E-03  2.6307E-03  F
  3.6664E-03  3.7262E-02  1.7684E+05 -4.6931E+07 -2.5000E-01 -1.7450E-03  2.6381E-03  F
  3.6941E-03  3.7408E-02  1.7426E+05 -4.6968E+07 -2.5000E-01 -1.7499E-03  2.6455E-03  F
  3.7221E-03  3.7553E-02  1.7172E+05 -4.7005E+07 -2.5000E-01 -1.7548E-03  2.6529E-03  F
  3.7502E-03  3.7699E-02  1.6923E+05 -4.7042E+07 -2.5000E-01 -1.7597E-03  2.6603E-03  F
  3.7784E-03  3.7846E-02  1.6678E+05 -4.7079E+07 -2.5000E-01 -1.7645E-03  2.6676E-03  F
  3.8068E-03  3.7993E-02  1.6436E+05 -4.7116E+07 -2.5000E-01 -1.7694E-03  2.6749E-03  F
  3.8354E-03  3.8141E-02  1.5468E+05 -4.7153E+07 -2.5000E-01 -1.7843E-03  2.6555E-03  F
  3.8641E-03  3.8289E-02  1.5243E+05 -4.7190E+07 -2.5000E-01 -1.7892E-03  2.6627E-03  F
  3.8931E-03  3.8438E-02  1.5022E+05 -4.7228E+07 -2.5000E-01 -1.7940E-03  2.6699E-03  F
  3.9222E-03  3.8587E-02  1.4803E+05 -4.7265E+07 -2.5000E-01 -1.7988E-03  2.6771E-03  F
  3.9515E-03  3.8736E-02  1.4589E+05 -4.7302E+07 -2.5000E-01 -1.8037E-03  2.6842E-03  F
  3.9810E-03  3.8886E-02  1.4378E+05 -4.7340E+07 -2.5000E-01 -1.8085E-03  2.6914E-03  F
  4.0106E-03  3.9037E-02  1.4170E+05 -4.7377E+07 -2.5000E-01 -1.8133E-03  2.6985E-03  F
  4.0405E-03  3.9188E-02  1.3965E+05 -4.7415E+07 -2.5000E-01 -1.8180E-03  2.7056E-03  F
  4.0704E-03  3.9340E-02  1.3764E+05 -4.7452E+07 -2.5000E-01 -1.8228E-03  2.7127E-03  F
  4.1006E-03  3.9492E-02  1.3566E+05 -4.7490E+07 -2.5000E-01 -1.8276E-03  2.7198E-03  F
  4.1309E-03  3.9644E-02  1.3371E+05 -4.7528E+07 -2.5000E-01 -1.8323E-03  2.7269E-03  F
  4.1614E-03  3.9797E-02  1.2623E+05 -4.7565E+07 -2.5000E-01 -1.8466E-03  2.7084E-03  F
  4.1921E-03  3.9951E-02  1.2441E+05 -4.7603E+07 -2.5000E-01 -1.8514E-03  2.7153E-03  F
  4.2231E-03  4.0105E-02  1.2261E+05 -4.7641E+07 -2.5000E-01 -1.8561E-03  2.7223E-03  F
  4.2542E-03  4.0260E-02  1.2085E+05 -4.7679E+07 -2.5000E-01 -1.8608E-03  2.7292E-03  F
  4.2855E-03  4.0415E-02  1.1911E+05 -4.7717E+07 -2.5000E-01 -1.8655E-03  2.7361E-03  F
  4.3170E-03  4.0571E-02  1.1739E+05 -4.7755E+07 -2.5000E-01 -1.8702E-03  2.7430E-03  F
  4.3486E-03  4.0727E-02  1.1571E+05 -4.7793E+07 -2.5000E-01 -1.8749E-03  2.7499E-03  F
  4.3805E-03  4.0884E-02  1.1405E+05 -4.7831E+07 -2.5000E-01 -1.8796E-03  2.7568E-03  F
  4.4125E-03  4.1042E-02  1.1241E+05 -4.7869E+07 -2.5000E-01 -1.8843E-03  2.7636E-03  F
  4.4448E-03  4.1200E-02  1.1081E+05 -4.7908E+07 -2.5000E-01 -1.8889E-03  2.7704E-03  F
  4.4772E-03  4.1358E-02  1.0922E+05 -4.7946E+07 -2.5000E-01 -1.8935E-03  2.7772E-03  F
  4.5098E-03  4.1517E-02  1.0336E+05 -4.7984E+07 -2.5000E-01 -1.9072E-03  2.7597E-03  F
  4.5426E-03  4.1677E-02  1.0188E+05 -4.8023E+07 -2.5000E-01 -1.9119E-03  2.7664E-03  F
  4.5757E-03  4.1837E-02  1.0042E+05 -4.8061E+07 -2.5000E-01 -1.9165E-03  2.7731E-03  F
  4.6090E-03  4.1999E-02  9.8978E+04 -4.8100E+07 -2.5000E-01 -1.9211E-03  2.7797E-03  F
  4.6424E-03  4.2160E-02  9.7559E+04 -4.8138E+07 -2.5000E-01 -1.9257E-03  2.7864E-03  F
  4.6761E-03  4.2322E-02  9.6163E+04 -4.8177E+07 -2.5000E-01 -1.9303E-03  2.7930E-03  F
  4.7100E-03  4.2485E-02  9.4788E+04 -4.8216E+07 -2.5000E-01 -1.9349E-03  2.7997E-03  F
  4.7440E-03  4.2648E-02  9.3433E+04 -4.8255E+07 -2.5000E-01 -1.9394E-03  2.8063E-03  F
  4.7783E-03  4.2812E-02  9.2100E+04 -4.8294E+07 -2.5000E-01 -1.9440E-03  2.8128E-03  F
  4.8128E-03  4.2977E-02  9.0787E+04 -4.8332E+07 -2.5000E-01 -1.9485E-03  2.8194E-03  F
  4.8475E-03  4.3142E-02  8.9493E+04 -4.8371E+07 -2.5000E-01 -1.9530E-03  2.8259E-03  F
  4.8824E-03  4.3308E-02  8.4860E+04 -4.8410E+07 -2.5000E-01 -1.9661E-03  2.8093E-03  F
  4.9175E-03  4.3474E-02  8.3647E+04 -4.8450E+07 -2.5000E-01 -1.9706E-03  2.8158E-03  F
  4.9529E-03  4.3642E-02  8.2449E+04 -4.8489E+07 -2.5000E-01 -1.9751E-03  2.8222E-03  F
  4.9885E-03  4.3810E-02  8.1270E+04 -4.8528E+07 -2.5000E-01 -1.9796E-03  2.8286E-03  F
  5.0243E-03  4.3978E-02  8.0109E+04 -4.8567E+07 -2.5000E-01 -1.9841E-03  2.8350E-03  F
  5.0603E-03  4.4147E-02  7.8965E+04 -4.8607E+07 -2.5000E-01 -1.9886E-03  2.8414E-03  F
  5.0966E-03  4.4317E-02  7.7838E+04 -4.8646E+07 -2.5000E-01 -1.9930E-03  2.8478E-03  F
  5.1330E-03  4.4488E-02  7.6728E+04 -4.8685E+07 -2.5000E-01 -1.9974E-03  2.8541E-03  F
  5.1697E-03  4.4659E-02  7.5635E+04 -4.8725E+07 -2.5000E-01 -2.0019E-03  2.8605E-03  F
  5.2067E-03  4.4830E-02  7.4558E+04 -4.8765E+07 -2.5000E-01 -2.0063E-03  2.8668E-03  F
  5.2438E-03  4.5003E-02  7.3497E+04 -4.8804E+07 -2.5000E-01 -2.0107E-03  2.8730E-03  F
  5.2812E-03  4.5176E-02  6.9844E+04 -4.8844E+07 -2.5000E-01 -2.0231E-03  2.8573E-03  F
  5.3188E-03  4.5350E-02  6.8846E+04 -4.8884E+07 -2.5000E-01 -2.0275E-03  2.8635E-03  F
  5.3567E-03  4.5525E-02  6.7862E+04 -4.8924E+07 -2.5000E-01 -2.0319E-03  2.8697E-03  F
  5.3948E-03  4.5700E-02  6.6892E+04 -4.8964E+07 -2.5000E-01 -2.0362E-03  2.8759E-03  F
  5.4332E-03  4.5877E-02  6.5937E+04 -4.9004E+07 -2.5000E-01 -2.0406E-03  2.8821E-03  F
  5.4718E-03  4.6054E-02  6.4995E+04 -4.9044E+07 -2.5000E-01 -2.0449E-03  2.8882E-03  F
  5.5107E-03  4.6231E-02  6.4068E+04 -4.9084E+07 -2.5000E-01 -2.0493E-03  2.8943E-03  F
  5.5497E-03  4.6409E-02  6.3154E+04 -4.9124E+07 -2.5000E-01 -2.0536E-03  2.9004E-03  F
  5.5891E-03  4.6589E-02  6.2254E+04 -4.9164E+07 -2.5000E-01 -2.0579E-03  2.9065E-03  F
  5.6286E-03  4.6768E-02  6.1367E+04 -4.9204E+07 -2.5000E-01 -2.0622E-03  2.9125E-03  F
  5.6685E-03  4.6949E-02  6.0493E+04 -4.9245E+07 -2.5000E-01 -2.0664E-03  2.9185E-03  F
  5.7085E-03  4.7130E-02  5.7598E+04 -4.9285E+07 -2.5000E-01 -2.0782E-03  2.9037E-03  F
  5.7489E-03  4.7312E-02  5.6774E+04 -4.9326E+07 -2.5000E-01 -2.0824E-03  2.9097E-03  F
  5.7895E-03  4.7495E-02  5.5962E+04 -4.9366E+07 -2.5000E-01 -2.0867E-03  2.9156E-03  F
  5.8304E-03  4.7679E-02  5.5161E+04 -4.9407E+07 -2.5000E-01 -2.0909E-03  2.9215E-03  F
  5.8716E-03  4.7864E-02  5.4372E+04 -4.9448E+07 -2.5000E-01 -2.0952E-03  2.9274E-03  F
  5.9130E-03  4.8049E-02  5.3595E+04 -4.9488E+07 -2.5000E-01 -2.0994E-03  2.9333E-03  F
  5.9547E-03  4.8236E-02  5.2828E+04 -4.9529E+07 -2.5000E-01 -2.1036E-03  2.9392E-03  F
  5.9966E-03  4.8423E-02  5.2073E+04 -4.9570E+07 -2.5000E-01 -2.1077E-03  2.9450E-03  F
  6.0388E-03  4.8610E-02  5.1329E+04 -4.9611E+07 -2.5000E-01 -2.1119E-03  2.9508E-03  F
  6.0813E-03  4.8799E-02  5.0596E+04 -4.9652E+07 -2.5000E-01 -2.1161E-03  2.9566E-03  F
  6.1240E-03  4.8988E-02  4.9874E+04 -4.9693E+07 -2.5000E-01 -2.1202E-03  2.9624E-03  F
  6.1670E-03  4.9179E-02  4.7555E+04 -4.9734E+07 -2.5000E-01 -2.1313E-03  2.9484E-03  F
  6.2103E-03  4.9370E-02  4.6873E+04 -4.9776E+07 -2.5000E-01 -2.1354E-03  2.9541E-03  F
  6.2539E-03  4.9562E-02  4.6200E+04 -4.9817E+07 -2.5000E-01 -2.1395E-03  2.9598E-03  F
  6.2979E-03  4.9755E-02  4.5537E+04 -4.9858E+07 -2.5000E-01 -2.1436E-03  2.9655E-03  F
  6.3420E-03  4.9949E-02  4.4884E+04 -4.9900E+07 -2.5000E-01 -2.1477E-03  2.9711E-03  F
  6.3865E-03  5.0144E-02  4.4239E+04 -4.9941E+07 -2.5000E-01 -2.1518E-03  2.9768E-03  F
  6.4313E-03  5.0340E-02  4.3605E+04 -4.9983E+07 -2.5000E-01 -2.1558E-03  2.9824E-03  F
  6.4763E-03  5.0536E-02  4.2979E+04 -5.0024E+07 -2.5000E-01 -2.1599E-03  2.9880E-03  F
  6.5217E-03  5.0734E-02  4.2362E+04 -5.0066E+07 -2.5000E-01 -2.1639E-03  2.9935E-03  F
  6.5673E-03  5.0932E-02  4.1754E+04 -5.0108E+07 -2.5000E-01 -2.1679E-03  2.9991E-03  F
  6.6132E-03  5.1131E-02  4.1155E+04 -5.0149E+07 -2.5000E-01 -2.1719E-03  3.0046E-03  F
  6.6595E-03  5.1331E-02  3.9283E+04 -5.0191E+07 -2.5000E-01 -2.1823E-03  2.9915E-03  F
  6.7060E-03  5.1533E-02  3.8717E+04 -5.0233E+07 -2.5000E-01 -2.1863E-03  2.9969E-03  F
  6.7529E-03  5.1735E-02  3.8158E+04 -5.0275E+07 -2.5000E-01 -2.1903E-03  3.0024E-03  F
  6.8001E-03  5.1938E-02  3.7607E+04 -5.0317E+07 -2.5000E-01 -2.1942E-03  3.0078E-03  F
  6.8476E-03  5.2142E-02  3.7065E+04 -5.0359E+07 -2.5000E-01 -2.1982E-03  3.0132E-03  F
  6.8954E-03  5.2347E-02  3.6530E+04 -5.0402E+07 -2.5000E-01 -2.2021E-03  3.0186E-03  F
  6.9435E-03  5.2553E-02  3.6002E+04 -5.0444E+07 -2.5000E-01 -2.2060E-03  3.0239E-03  F
  6.9920E-03  5.2761E-02  3.5483E+04 -5.0486E+07 -2.5000E-01 -2.2099E-03  3.0292E-03  F
  7.0408E-03  5.2969E-02  3.4970E+04 -5.0528E+07 -2.5000E-01 -2.2138E-03  3.0346E-03  F
  7.0898E-03  5.3178E-02  3.4465E+04 -5.0571E+07 -2.5000E-01 -2.2176E-03  3.0399E-03  F
  7.1393E-03  5.3388E-02  3.3968E+04 -5.0613E+07 -2.5000E-01 -2.2215E-03  3.0451E-03  F
  7.1890E-03  5.3599E-02  3.2456E+04 -5.0656E+07 -2.5000E-01 -2.2313E-03  3.0328E-03  F
  7.2391E-03  5.3811E-02  3.1985E+04 -5.0698E+07 -2.5000E-01 -2.2351E-03  3.0380E-03  F
  7.2895E-03  5.4024E-02  3.1520E+04 -5.0741E+07 -2.5000E-01 -2.2389E-03  3.0432E-03  F
  7.3403E-03  5.4239E-02  3.1062E+04 -5.0784E+07 -2.5000E-01 -2.2427E-03  3.0484E-03  F
  7.3915E-03  5.4454E-02  3.0610E+04 -5.0827E+07 -2.5000E-01 -2.2465E-03  3.0535E-03  F
